Date,Price,MV,VA,VO,DY
2014-01-01,143.5,487040.3,NA,NA,3.48
2014-01-02,131.5,446312.2,2001558.0,14727.9,3.8
2014-01-03,132.5,449706.3,2051395.0,15411.3,3.77
2014-01-06,140.0,475161.3,1740385.0,12798.9,3.57
2014-01-07,144.0,488737.4,1322406.0,9353.2,3.47
2014-01-08,140.5,476858.3,1526183.0,10750.7,3.56
2014-01-09,142.0,481949.3,1477250.0,10458.0,3.52
2014-01-10,141.5,480252.3,1267094.0,8957.6,3.53
2014-01-13,147.0,498919.4,1201978.0,8348.3,3.4
2014-01-14,148.5,504010.4,1121013.0,7634.8,3.37
2014-01-15,144.0,488747.3,752748.2,5157.9,3.47
2014-01-16,147.5,500626.6,1002760.0,6842.7,3.39
2014-01-17,147.0,498929.5,1152079.0,7820.2,3.4
2014-01-20,147.0,498929.5,443616.2,3016.0,3.4
2014-01-21,147.0,498929.5,1249565.0,8477.3,3.4
2014-01-22,150.5,510808.8,1298030.0,8768.2,3.32
2014-01-23,156.5,531173.3,2204592.0,14333.0,3.19
2014-01-24,155.0,526082.1,1183925.0,7609.9,3.23
2014-01-27,150.5,510808.8,965702.6,6393.2,3.32
2014-01-28,147.0,498929.5,1630167.0,11064.7,3.4
2014-01-29,146.0,495535.4,1851062.0,12681.9,3.42
2014-01-30,146.0,495535.4,952345.9,6550.4,3.42
2014-01-31,149.0,505717.7,588521.6,3969.5,3.36
2014-02-03,150.0,509111.8,670342.7,4476.3,3.33
2014-02-04,146.0,495535.4,1111379.0,7593.6,3.42
2014-02-05,146.5,497232.5,693739.3,4733.7,3.41
2014-02-06,147.0,498929.5,845108.7,5753.9,3.4
2014-02-07,148.0,502323.6,775785.5,5226.7,3.38
2014-02-10,146.5,497232.5,355566.9,2415.8,3.41
2014-02-11,147.5,500626.6,641078.9,4355.8,3.39
2014-02-12,150.0,509111.8,546021.2,3672.6,3.33
2014-02-13,149.0,505717.7,561121.2,3762.7,3.36
2014-02-14,149.0,505717.7,NA,NA,3.36
2014-02-17,153.5,520991.0,1438668.0,9480.0,3.26
2014-02-18,152.0,515899.9,1222190.0,8077.0,3.29
2014-02-19,151.0,512505.8,684336.7,4521.5,3.31
2014-02-20,147.5,500626.6,895821.8,6020.9,3.39
2014-02-21,148.0,502323.6,437857.8,2958.8,3.38
2014-02-24,148.0,502323.6,291659.9,1978.8,3.38
2014-02-25,147.0,498929.5,492121.7,3332.7,3.57
2014-02-26,147.5,500626.6,923313.9,6237.9,3.56
2014-02-27,151.5,514202.9,883643.5,5866.9,3.47
2014-02-28,151.5,514202.9,572073.4,3780.8,3.47
2014-03-03,154.0,522688.1,1255040.0,8159.4,3.41
2014-03-04,155.0,526082.1,1320905.0,8517.9,3.39
2014-03-05,157.0,532870.3,1305407.0,8334.9,3.34
2014-03-06,157.5,534567.3,576448.9,3659.3,3.33
2014-03-07,159.0,539658.4,726787.6,4602.1,3.3
2014-03-10,156.0,529476.3,775218.9,4964.5,3.37
2014-03-11,157.0,532870.3,604050.1,3845.0,3.34
2014-03-12,156.5,531173.3,522290.1,3331.6,3.35
2014-03-13,156.5,531173.3,472547.7,3009.5,3.35
2014-03-14,158.5,537961.4,627333.2,4012.2,3.31
2014-03-17,158.5,537961.4,473754.8,3003.0,3.31
2014-03-18,158.5,537961.4,1122423.0,7060.5,3.31
2014-03-19,158.0,536264.4,1430345.0,8975.1,3.32
2014-03-20,156.0,529476.3,953941.7,6121.5,3.37
2014-03-21,154.5,524385.1,1125446.0,7267.0,3.4
2014-03-24,152.5,517596.9,609204.9,3980.2,3.44
2014-03-25,154.5,524385.1,347097.3,2254.7,3.4
2014-03-26,155.0,526082.1,524357.2,3370.0,3.39
2014-03-27,153.5,520991.0,783813.5,5075.6,3.42
2014-03-28,156.5,531173.3,1301237.0,8340.6,3.35
2014-03-31,157.5,534567.3,587647.4,3734.0,3.33
2014-04-01,158.5,537961.4,1159019.0,7324.4,3.31
2014-04-02,162.0,549840.7,2036228.0,12629.4,3.24
2014-04-03,160.0,543052.6,1415412.0,8815.9,3.28
2014-04-04,162.5,551537.8,1387349.0,8567.5,3.23
2014-04-07,162.5,551537.8,NA,NA,3.23
2014-04-08,161.5,548143.6,1261962.0,7746.0,3.25
2014-04-09,162.0,549840.7,1025597.0,6322.7,3.24
2014-04-10,162.5,551537.8,1041901.0,6444.6,3.23
2014-04-11,159.5,541355.5,670247.7,4220.4,3.29
2014-04-14,159.5,541355.5,NA,NA,3.29
2014-04-15,159.5,541355.5,NA,NA,3.29
2014-04-16,161.0,546446.6,926863.9,5769.6,3.26
2014-04-17,163.0,553234.8,1720362.0,10598.0,3.22
2014-04-18,164.0,556628.9,965775.2,5877.7,3.2
2014-04-21,165.5,561719.9,846668.6,5118.8,3.17
2014-04-22,168.0,570205.2,1389622.0,8335.7,3.12
2014-04-23,168.5,571902.2,1260259.0,7446.0,3.12
2014-04-24,166.5,565114.1,880627.2,5284.2,3.15
2014-04-25,163.5,554931.8,763231.5,4644.3,3.21
2014-04-28,166.0,563417.0,599926.1,3630.9,3.16
2014-04-29,165.5,561719.9,914059.1,5524.3,3.17
2014-04-30,165.5,561719.9,715536.1,4318.2,3.17
2014-05-01,165.5,561719.9,NA,NA,3.17
2014-05-02,167.5,568508.1,428903.3,2569.7,3.13
2014-05-05,167.5,568508.1,NA,NA,3.13
2014-05-06,166.0,563417.0,619391.7,3685.9,3.16
2014-05-07,164.5,558325.9,833259.1,5064.7,3.19
2014-05-08,160.0,543052.6,1458807.0,9025.3,3.28
2014-05-09,160.0,543052.6,934837.8,5840.4,3.28
2014-05-12,161.0,546446.6,562621.4,3497.2,3.26
2014-05-13,161.0,546446.6,NA,NA,3.26
2014-05-14,165.5,561719.9,1047811.0,6366.4,3.17
2014-05-15,166.0,563417.0,749524.8,4525.3,3.16
2014-05-16,168.0,570205.2,2041438.0,12247.1,3.12
2014-05-19,168.0,570205.2,1202103.0,7176.4,3.12
2014-05-20,163.5,554931.8,1556018.0,9489.1,3.21
2014-05-21,163.0,553234.8,1363816.0,8388.6,3.22
2014-05-22,160.0,543052.6,1987875.0,12296.3,3.28
2014-05-23,157.5,534567.3,2000563.0,12730.3,3.33
2014-05-26,157.5,534567.3,936467.0,5949.9,3.33
2014-05-27,158.0,536264.4,773182.3,4872.8,3.32
2014-05-28,160.0,543052.6,861691.7,5367.8,3.28
2014-05-29,160.5,544749.6,889345.6,5534.7,3.27
2014-05-30,159.0,539658.4,3160716.0,19775.6,3.3
2014-06-02,166.0,563417.0,2131823.0,13017.0,3.16
2014-06-03,167.5,568508.1,2824799.0,16805.9,3.13
2014-06-04,166.0,563417.0,1391596.0,8357.1,3.16
2014-06-05,168.0,570205.2,704925.1,4226.4,3.12
2014-06-06,167.0,566811.1,1712424.0,10227.2,3.14
2014-06-09,167.0,566811.1,1489292.0,8919.4,3.14
2014-06-10,170.0,576993.3,3403147.0,20111.3,3.09
2014-06-11,170.0,576993.3,2353622.0,13847.9,3.09
2014-06-12,168.5,571902.2,1069031.0,6337.7,3.12
2014-06-13,168.0,570205.2,861415.5,5120.8,3.12
2014-06-16,169.0,573599.3,1280406.0,7621.6,3.11
2014-06-17,167.5,568508.1,998648.4,5945.9,3.13
2014-06-18,166.5,565114.1,781139.0,4691.6,3.15
2014-06-19,166.5,565114.1,1232751.0,7398.2,3.15
2014-06-20,167.5,568508.1,1389038.0,8324.3,3.13
2014-06-23,166.5,565114.1,1096602.0,6583.6,3.15
2014-06-24,166.0,563417.0,1050876.0,6347.3,3.16
2014-06-25,167.0,566811.1,555392.1,3329.1,3.14
2014-06-26,167.5,568508.1,548861.8,3291.9,3.13
2014-06-27,168.0,570205.2,647260.9,3861.3,3.12
2014-06-30,168.5,571902.2,735273.0,4360.7,3.12
2014-07-01,168.5,571902.2,NA,NA,3.12
2014-07-02,173.5,588872.6,2573230.0,14964.9,3.03
2014-07-03,175.0,593963.7,1708122.0,9811.9,3.0
2014-07-04,178.5,605843.0,3686752.0,20645.4,2.94
2014-07-07,177.5,602448.9,1122252.0,6298.4,2.96
2014-07-08,179.0,607540.0,1331714.0,7415.2,2.93
2014-07-09,179.5,609237.1,1025913.0,5723.4,2.92
2014-07-10,182.0,617722.3,1782836.0,9855.0,2.88
2014-07-11,182.0,617722.3,NA,NA,2.88
2014-07-14,186.5,632995.6,1421013.0,7649.3,2.82
2014-07-15,184.5,626238.6,1171934.0,6350.4,2.85
2014-07-16,185.5,629632.9,1076670.0,5818.3,2.83
2014-07-17,184.0,624541.6,1063966.0,5790.1,2.85
2014-07-18,181.5,616055.9,1116072.0,6117.9,2.89
2014-07-21,180.5,612661.7,956503.9,5288.1,2.91
2014-07-22,180.5,612661.7,963993.3,5317.9,2.91
2014-07-23,182.5,619450.1,733684.6,4028.9,2.88
2014-07-24,183.0,621147.3,411740.5,2250.5,2.87
2014-07-25,183.0,621147.3,545061.8,2990.3,2.87
2014-07-28,179.5,609267.4,1327809.0,7370.1,2.92
2014-07-29,177.0,600781.8,873565.8,4922.5,2.97
2014-07-30,180.5,612661.7,1605822.0,8987.3,2.91
2014-07-31,178.0,604176.0,1162666.0,6473.0,2.95
2014-08-01,178.5,605873.2,857176.8,4788.0,2.94
2014-08-04,185.0,627935.8,979282.6,5367.5,2.84
2014-08-05,182.5,619450.1,679124.3,3709.0,2.88
2014-08-06,181.5,616055.9,591190.6,3249.7,2.89
2014-08-07,182.0,617753.1,605368.1,3329.2,2.88
2014-08-08,181.5,616055.9,587363.9,3254.0,2.89
2014-08-11,181.5,616055.9,NA,NA,2.89
2014-08-12,181.5,616055.9,NA,NA,2.89
2014-08-13,186.5,633027.1,1677411.0,9069.4,2.82
2014-08-14,187.0,634724.3,801527.5,4304.9,2.81
2014-08-15,187.0,634724.3,567022.9,3043.6,2.81
2014-08-18,188.0,638118.5,922767.1,4891.2,2.79
2014-08-19,188.5,639815.6,730469.8,3873.1,2.79
2014-08-20,190.0,644907.0,718449.3,3795.3,2.76
2014-08-21,190.0,644907.0,352958.7,1863.6,2.76
2014-08-22,189.0,641512.8,641943.2,3402.1,2.78
2014-08-25,190.0,644907.0,938084.1,4936.3,2.76
2014-08-26,189.5,643209.9,1001706.0,5283.1,2.77
2014-08-27,191.0,648301.3,720266.2,3784.3,2.75
2014-08-28,189.5,643209.9,584377.2,3075.5,2.77
2014-08-29,187.0,634724.3,1229201.0,6542.1,2.81
2014-09-01,190.0,644907.0,719611.2,3802.6,2.76
2014-09-02,192.0,651695.5,853527.9,4469.5,2.73
2014-09-03,194.5,660181.1,983961.1,5086.0,2.7
2014-09-04,191.5,649998.4,1075582.0,5565.0,2.74
2014-09-05,192.5,653392.6,716875.1,3737.8,2.73
2014-09-08,191.5,649998.4,194788.9,1016.1,2.74
2014-09-09,189.5,643209.9,513288.3,2704.1,2.77
2014-09-10,188.0,638118.5,909057.3,4831.2,2.79
2014-09-11,184.5,626238.6,835722.7,4493.0,2.85
2014-09-12,187.0,634724.3,488374.6,2629.9,2.81
2014-09-15,187.5,636421.4,414133.8,2218.1,2.8
2014-09-16,186.0,631330.0,508996.7,2724.9,2.82
2014-09-17,186.5,633027.1,602528.9,3221.8,2.82
2014-09-18,189.5,643209.9,942582.4,4994.1,2.77
2014-09-19,189.5,643209.9,914580.9,4819.1,2.77
2014-09-22,188.0,638118.5,596366.6,3167.8,2.79
2014-09-23,187.0,634724.3,455445.8,2430.3,2.81
2014-09-24,187.5,636421.4,599663.7,3207.2,2.8
2014-09-25,186.5,633027.1,713039.2,3820.9,2.82
2014-09-26,186.0,631330.0,734052.9,3950.8,2.82
2014-09-29,183.0,621147.3,1159581.0,6306.9,2.87
2014-09-30,182.0,617753.1,1109040.0,6086.0,2.88
2014-10-01,183.0,621147.3,859974.5,4692.0,2.87
2014-10-02,179.5,609267.4,1450469.0,8068.6,2.92
2014-10-03,181.0,614358.8,554350.9,3073.2,2.9
2014-10-06,177.5,602478.9,857205.1,4808.7,2.96
2014-10-07,177.0,600781.8,596253.6,3353.5,2.97
2014-10-08,177.5,602478.9,809380.4,4572.6,2.96
2014-10-09,179.0,607570.3,476485.6,2666.4,2.93
2014-10-10,177.5,602478.9,625590.8,3533.8,2.96
2014-10-13,176.5,599095.5,824111.2,4658.3,2.97
2014-10-14,177.0,600792.6,742689.1,4191.5,2.97
2014-10-15,175.5,595701.2,689690.6,3900.5,2.99
2014-10-16,172.5,585518.3,1092448.0,6276.5,3.04
2014-10-17,173.0,587215.4,1201588.0,6936.6,3.03
2014-10-20,174.5,592306.9,1255247.0,7187.4,3.01
2014-10-21,172.5,585518.3,1212082.0,7014.0,3.04
2014-10-22,170.0,577032.5,1448608.0,8509.0,3.09
2014-10-23,170.0,577032.5,NA,NA,3.09
2014-10-24,173.0,587215.4,1138674.0,6569.9,3.03
2014-10-27,172.5,585518.3,1000716.0,5804.4,3.04
2014-10-28,174.5,592306.9,1128397.0,6466.1,3.01
2014-10-29,176.5,599095.5,1193438.0,6738.3,2.97
2014-10-30,176.0,597398.4,1043403.0,5936.2,2.98
2014-10-31,177.5,602489.8,1486970.0,8417.5,2.96
2014-11-03,181.5,616067.1,2601550.0,14390.3,2.89
2014-11-04,184.0,624552.9,1621880.0,8842.9,2.85
2014-11-05,186.0,631341.4,2789247.0,15015.4,2.82
2014-11-06,185.0,627947.1,941427.2,5110.8,2.84
2014-11-07,185.0,627947.1,637572.9,3456.7,2.84
2014-11-10,183.0,621158.6,409058.6,2223.8,2.87
2014-11-11,183.0,621158.6,476394.1,2599.0,2.87
2014-11-12,181.5,616067.1,963311.9,5273.6,2.89
2014-11-13,184.0,624552.9,967414.5,5322.1,2.85
2014-11-14,186.0,631341.4,1081187.0,5832.5,2.82
2014-11-17,183.0,621158.6,655148.8,3575.3,2.87
2014-11-18,185.0,627947.1,754791.3,4098.6,2.84
2014-11-19,186.0,631341.4,617580.8,3335.2,2.82
2014-11-20,184.5,626250.0,531151.6,2873.6,2.85
2014-11-21,189.0,641524.4,1894573.0,10113.4,2.78
2014-11-24,191.0,648313.0,1553812.0,8152.3,2.75
2014-11-25,191.0,648313.0,915975.1,4812.7,2.75
2014-11-26,191.0,648313.0,546932.4,2859.9,2.75
2014-11-27,193.0,655101.6,1052274.0,5476.0,2.72
2014-11-28,196.5,666981.7,1331319.0,6826.3,2.67
2014-12-01,197.5,670376.0,1686328.0,8539.6,2.66
2014-12-02,196.0,665284.6,692939.1,3536.2,2.68
2014-12-03,193.0,655101.6,1061411.0,5465.1,2.72
2014-12-04,192.0,651707.3,875484.6,4568.7,2.73
2014-12-05,192.0,651707.3,NA,NA,2.73
2014-12-08,191.0,648313.0,875.3,4582.9,2.75
2014-12-09,190.0,644918.7,1447490.0,7616.8,2.76
2014-12-10,190.0,644918.7,NA,NA,2.76
2014-12-11,184.5,626250.0,2261190.0,12197.5,2.85
2014-12-12,184.0,624552.9,751922.9,4065.6,2.85
2014-12-15,185.0,627947.1,2757652.0,15432.2,2.84
2014-12-16,179.5,609278.4,1916102.0,10671.3,2.92
2014-12-17,179.5,609278.4,1582152.0,8795.6,2.92
2014-12-18,182.0,617764.2,1420111.0,7831.6,2.88
2014-12-19,181.0,614369.9,867588.1,4791.8,2.9
2014-12-22,182.5,619461.4,472768.3,2600.6,2.88
2014-12-23,185.0,627947.1,797946.2,4334.8,2.84
2014-12-24,184.5,626250.0,345126.4,1868.4,2.85
2014-12-25,183.0,621158.6,460363.9,2521.7,2.87
2014-12-26,184.5,626250.0,450219.8,2458.3,2.85
2014-12-29,183.0,621158.6,485902.8,2633.2,2.87
2014-12-30,182.0,617764.2,547944.4,2993.7,2.88
2014-12-31,182.0,617764.2,NA,NA,2.88
2015-01-01,182.0,617764.2,NA,NA,2.88
2015-01-02,182.0,617764.2,NA,NA,2.88
2015-01-05,179.0,607581.3,1035117.0,5752.3,2.93
2015-01-06,175.0,594004.1,1822522.0,10431.0,3.0
2015-01-07,178.0,604186.9,792808.3,4456.9,2.95
2015-01-08,182.0,617764.2,717244.8,3963.9,2.88
2015-01-09,184.5,626250.0,788251.6,4299.1,2.85
2015-01-12,181.5,616067.1,350565.6,1915.8,2.89
2015-01-13,182.0,617764.2,545907.7,3008.7,2.88
2015-01-14,180.0,610975.6,687465.3,3787.9,2.92
2015-01-15,181.5,616074.5,468685.2,2570.9,2.89
2015-01-16,180.5,612680.1,531370.5,2941.4,2.91
2015-01-19,181.0,614377.3,311945.8,1721.9,2.9
2015-01-20,179.0,607588.6,1417162.0,7921.2,2.93
2015-01-21,179.0,607588.6,1615510.0,8996.4,2.93
2015-01-22,181.5,616074.5,1908440.0,10593.6,2.89
2015-01-23,187.0,634743.4,2019594.0,10921.3,2.81
2015-01-26,186.0,631349.1,1395948.0,7518.1,2.82
2015-01-27,187.0,634743.4,896558.9,4786.7,2.81
2015-01-28,185.5,629651.9,828061.0,4448.2,2.83
2015-01-29,183.0,621166.0,668961.2,3623.4,2.87
2015-01-30,179.5,609285.8,1371842.0,7621.3,2.92
2015-02-02,179.0,607588.6,794008.6,4445.6,2.93
2015-02-03,182.0,617771.7,973811.9,5370.9,2.88
2015-02-04,182.5,619468.9,930513.3,5057.1,2.88
2015-02-05,184.0,624560.4,781775.8,4268.3,2.85
2015-02-06,183.0,621166.0,340285.0,1862.1,2.87
2015-02-09,179.0,607588.6,799914.8,4447.3,2.93
2015-02-10,177.0,600799.9,1045457.0,5868.5,2.97
2015-02-11,180.0,610982.9,730120.4,4096.3,2.92
2015-02-12,179.5,609285.8,535660.7,2993.3,2.92
2015-02-13,179.0,607588.6,836929.1,4686.3,2.93
2015-02-16,179.0,607588.6,303941.5,1705.4,2.93
2015-02-17,176.0,597405.6,677764.2,3834.3,2.98
2015-02-18,176.5,599102.8,545637.3,3096.8,2.97
2015-02-19,176.5,599102.8,661343.6,3743.6,2.97
2015-02-20,176.0,597405.6,242098.4,1372.7,2.98
2015-02-23,176.0,597405.6,436696.5,2483.7,2.98
2015-02-24,176.0,597405.6,476753.0,2699.5,3.41
2015-02-25,175.5,595708.4,757165.8,4316.2,3.42
2015-02-26,172.0,583828.2,1210947.0,7030.4,3.49
2015-02-27,169.5,575342.3,1161835.0,6834.7,3.54
2015-03-02,167.5,568553.6,1052669.0,6260.3,3.58
2015-03-03,169.5,575342.3,1118589.0,6602.7,3.54
2015-03-04,169.5,575342.3,NA,NA,3.54
2015-03-05,175.0,594011.3,1668921.0,9638.2,3.43
2015-03-06,178.5,605891.4,1092954.0,6179.5,3.36
2015-03-09,178.5,605891.4,752172.4,4240.1,3.36
2015-03-10,175.5,595708.4,767490.1,4323.5,3.42
2015-03-11,178.0,604194.3,1590216.0,9031.3,3.37
2015-03-12,176.5,599102.8,1090281.0,6190.6,3.4
2015-03-13,175.5,595708.4,904982.2,5129.8,3.42
2015-03-16,172.5,585525.3,745658.7,4288.0,3.48
2015-03-17,173.0,587222.5,480599.2,2769.2,3.47
2015-03-18,174.5,592314.1,563830.6,3233.6,3.44
2015-03-19,173.5,588919.7,914285.6,5267.2,3.46
2015-03-20,175.0,594011.3,1123566.0,6431.0,3.43
2015-03-23,175.0,594011.3,671766.1,3845.2,3.43
2015-03-24,174.0,590616.9,760303.8,4375.9,3.45
2015-03-25,174.5,592314.1,464574.0,2659.4,3.44
2015-03-26,174.0,590616.9,588143.8,3378.2,3.45
2015-03-27,175.0,594011.3,514814.0,2945.3,3.43
2015-03-30,177.0,600799.9,811104.8,4585.7,3.39
2015-03-31,178.0,604194.3,785730.2,4414.3,3.37
2015-04-01,177.0,600799.9,590578.4,3339.4,3.39
2015-04-02,177.5,602497.1,946664.6,5334.8,3.38
2015-04-03,177.5,602497.1,422089.8,2373.1,3.38
2015-04-06,177.5,602497.1,NA,NA,3.38
2015-04-07,177.5,602497.1,582626.9,3275.7,3.38
2015-04-08,179.5,609285.8,1233380.0,6877.7,3.34
2015-04-09,182.0,617771.7,1330926.0,7338.5,3.3
2015-04-10,177.5,602497.1,426740.8,2401.5,3.38
2015-04-13,177.5,602497.1,NA,NA,3.38
2015-04-14,177.5,602497.1,NA,NA,3.38
2015-04-15,177.5,602497.1,NA,NA,3.38
2015-04-16,177.5,602497.1,954074.7,5398.6,3.38
2015-04-17,175.0,594011.3,640982.5,3643.0,3.43
2015-04-20,170.5,578742.8,1879735.0,10940.8,3.52
2015-04-21,177.0,600806.3,2018693.0,11484.6,3.39
2015-04-22,172.5,585531.5,733407.3,4203.7,3.48
2015-04-23,169.0,573651.2,1661868.0,9745.8,3.55
2015-04-24,169.5,575348.4,891709.5,5265.4,3.54
2015-04-27,166.0,563468.0,1335715.0,7986.7,3.61
2015-04-28,162.5,551587.6,2301999.0,14110.1,3.69
2015-04-29,160.5,544798.9,1820323.0,11265.2,3.74
2015-04-30,159.0,539707.3,1361541.0,8521.2,3.77
2015-05-01,159.0,539707.3,NA,NA,3.77
2015-05-04,159.0,539707.3,NA,NA,3.77
2015-05-05,159.0,539707.3,NA,NA,3.77
2015-05-06,159.5,541404.5,1545562.0,9740.8,3.76
2015-05-07,160.0,543101.7,1426269.0,8890.5,3.75
2015-05-08,165.0,560073.6,1971116.0,12023.3,3.64
2015-05-11,163.0,553284.9,1258646.0,7607.3,3.68
2015-05-12,163.0,553284.9,882587.4,5430.6,3.68
2015-05-13,163.5,554982.1,754078.5,4628.8,3.67
2015-05-14,162.0,549890.4,1374708.0,8497.2,3.7
2015-05-15,164.0,556679.3,988903.5,6095.2,3.66
2015-05-18,164.0,556679.3,636380.8,3881.9,3.66
2015-05-19,163.5,554982.1,675705.3,4129.8,3.67
2015-05-20,159.5,541404.5,1290594.0,8049.8,3.76
2015-05-21,161.0,546496.1,927019.7,5760.2,3.73
2015-05-22,161.0,546496.1,847424.2,5256.5,3.73
2015-05-25,160.5,544798.9,436506.7,2710.7,3.74
2015-05-26,160.5,544798.9,686373.9,4281.8,3.74
2015-05-27,161.0,546496.1,1035359.0,6481.2,3.73
2015-05-28,160.0,543101.7,699953.7,4373.6,3.75
2015-05-29,158.5,538010.1,985342.7,6186.6,3.79
2015-06-01,158.5,538010.1,NA,NA,3.79
2015-06-02,154.0,522735.4,1730584.0,11102.9,3.9
2015-06-03,156.0,529524.2,606824.1,3908.2,3.85
2015-06-04,159.0,539707.3,1043524.0,6639.9,3.77
2015-06-05,161.5,548193.3,1127084.0,7026.4,3.72
2015-06-08,160.5,544798.9,732865.6,4543.1,3.74
2015-06-09,159.5,541404.5,712050.1,4463.6,3.76
2015-06-10,159.5,541404.5,746289.6,4659.5,3.76
2015-06-11,161.0,546496.1,959690.3,5953.0,3.73
2015-06-12,160.5,544798.9,391742.8,2435.6,3.74
2015-06-15,160.5,544798.9,465401.9,2907.9,3.74
2015-06-16,159.5,541404.5,276542.8,1731.3,3.76
2015-06-17,160.5,544798.9,372888.4,2324.6,3.74
2015-06-18,160.0,543101.7,611709.3,3820.7,3.75
2015-06-19,158.0,536312.9,680868.2,4288.6,3.8
2015-06-22,159.5,541404.5,888964.4,5553.5,3.76
2015-06-23,159.5,541404.5,993931.7,6217.6,3.76
2015-06-24,162.0,549890.4,752455.1,4658.1,3.7
2015-06-25,162.0,549890.4,1024763.0,6326.8,3.7
2015-06-26,161.5,548193.3,687156.6,4246.0,3.72
2015-06-29,161.0,546496.1,976521.8,6075.7,3.73
2015-06-30,155.5,527826.9,1954323.0,12483.1,3.86
2015-07-01,155.5,527826.9,NA,NA,3.86
2015-07-02,150.0,509157.8,2727858.0,18020.4,4.0
2015-07-03,152.0,515946.6,1194217.0,7886.3,3.95
2015-07-06,150.0,509157.8,853232.3,5668.5,4.0
2015-07-07,151.5,514249.4,712788.7,4693.9,3.96
2015-07-08,148.5,504066.3,1382099.0,9290.0,4.04
2015-07-09,147.5,500671.9,1576013.0,10619.7,4.07
2015-07-10,153.0,519341.0,1635498.0,10797.7,3.92
2015-07-13,155.0,526129.8,1576285.0,10120.9,3.87
2015-07-14,152.0,515946.6,679942.0,4442.1,3.95
2015-07-15,152.0,515946.6,361556.1,2374.3,3.95
2015-07-16,151.0,512560.0,829936.8,5520.3,3.97
2015-07-17,150.5,510862.8,237222.4,1579.9,3.99
2015-07-20,149.5,507468.3,321442.1,2153.6,4.01
2015-07-21,147.5,500679.4,921628.6,6218.4,4.07
2015-07-22,150.5,510862.8,1004912.0,6772.5,3.99
2015-07-23,148.5,504073.9,579306.8,3865.3,4.04
2015-07-24,148.5,504073.9,468183.6,3137.7,4.04
2015-07-27,146.5,497285.0,839332.3,5704.0,4.1
2015-07-28,146.5,497285.0,1102583.0,7536.0,4.1
2015-07-29,147.0,498982.3,459560.3,3139.4,4.08
2015-07-30,147.0,498982.3,NA,NA,4.08
2015-07-31,152.0,515954.4,996208.3,6587.5,3.95
2015-08-03,154.0,522743.3,802094.6,5266.4,3.9
2015-08-04,153.0,519348.9,732172.2,4803.7,3.92
2015-08-05,151.5,514257.2,745136.5,4895.6,3.96
2015-08-06,149.5,507468.3,673432.4,4490.4,4.01
2015-08-07,148.0,502376.7,752965.1,5072.6,4.05
2015-08-10,148.0,502376.7,302926.9,2048.6,4.05
2015-08-11,146.0,495587.8,363112.8,2467.8,4.11
2015-08-12,146.0,495587.8,NA,NA,4.11
2015-08-13,144.0,488798.9,1120162.0,7765.0,4.17
2015-08-14,145.0,492193.4,1112783.0,7693.8,4.14
2015-08-17,144.5,490496.1,597547.7,4122.9,4.15
2015-08-18,141.0,478615.6,2012084.0,14274.6,4.26
2015-08-19,142.5,483707.3,1068172.0,7551.8,4.21
2015-08-20,141.5,480312.8,677107.3,4782.0,4.24
2015-08-21,139.0,471826.8,1649306.0,11818.8,4.32
2015-08-24,131.5,446368.4,1637918.0,12377.4,4.56
2015-08-25,136.0,461643.4,1599017.0,11845.4,4.41
2015-08-26,136.5,463340.6,1675520.0,12267.0,4.4
2015-08-27,145.0,492193.4,1373155.0,9628.7,4.14
2015-08-28,143.0,485404.5,852192.0,5907.7,4.2
2015-08-31,142.0,482010.1,1156621.0,8104.9,4.23
2015-09-01,140.0,475221.2,1314023.0,9330.6,4.29
2015-09-02,140.5,476918.4,781072.3,5551.5,4.27
2015-09-03,140.5,476918.4,787873.2,5595.1,4.27
2015-09-04,137.5,466735.1,1089606.0,7868.1,4.36
2015-09-07,136.0,461643.4,575778.6,4209.9,4.41
2015-09-08,139.0,471826.8,727265.1,5255.1,4.32
2015-09-09,142.5,483707.3,712570.9,5036.7,4.21
2015-09-10,142.5,483707.3,758314.5,5372.7,4.21
2015-09-11,140.0,475221.2,447060.3,3172.3,4.29
2015-09-14,141.5,480312.8,485917.3,3457.7,4.24
2015-09-15,142.0,482010.1,804004.8,5676.9,4.23
2015-09-16,144.0,488798.9,744295.8,5217.6,4.17
2015-09-17,146.5,497285.0,1068696.0,7368.5,4.1
2015-09-18,144.0,488798.9,858975.7,5968.5,4.17
2015-09-21,141.0,478615.6,1269059.0,9026.2,4.26
2015-09-22,139.5,473523.9,775808.5,5543.3,4.3
2015-09-23,136.0,461643.4,1142638.0,8381.1,4.41
2015-09-24,141.5,480312.8,816596.4,5899.2,4.24
2015-09-25,139.5,473523.9,617180.6,4413.4,4.3
2015-09-28,136.0,461643.4,401509.0,2935.4,4.41
2015-09-29,134.5,456551.8,769338.8,5677.8,4.46
2015-09-30,134.0,454854.6,991218.9,7346.3,4.48
2015-10-01,133.5,453157.3,959355.9,7092.2,4.49
2015-10-02,134.0,454854.6,615242.5,4578.5,4.48
2015-10-05,140.0,475221.2,1008109.0,7285.2,4.29
2015-10-06,139.0,471826.8,432437.4,3129.8,4.32
2015-10-07,142.0,482010.1,550221.6,3917.5,4.23
2015-10-08,142.0,482010.1,826407.6,5785.0,4.23
2015-10-09,146.5,497285.0,1678619.0,11491.6,4.1
2015-10-12,145.5,493898.0,968950.6,6715.4,4.12
2015-10-13,144.0,488806.3,646588.1,4489.3,4.17
2015-10-14,142.5,483714.6,1077656.0,7528.9,4.21
2015-10-15,146.0,495595.3,1179339.0,8140.7,4.11
2015-10-16,146.0,495595.3,901742.9,6205.0,4.11
2015-10-19,144.5,490503.5,658534.3,4522.8,4.15
2015-10-20,142.5,483714.6,872490.1,6105.8,4.21
2015-10-21,143.0,485411.8,383693.4,2690.6,4.2
2015-10-22,143.0,485411.8,304205.8,2134.3,4.2
2015-10-23,143.0,485411.8,NA,NA,4.2
2015-10-26,142.0,482017.3,764001.6,5337.3,4.23
2015-10-27,141.0,478622.8,427829.6,3032.8,4.26
2015-10-28,137.0,465044.9,932397.4,6726.2,4.38
2015-10-29,134.0,454861.4,1287928.0,9546.6,4.48
2015-10-30,133.5,453164.1,738557.7,5509.9,4.49
2015-11-02,138.5,470136.6,974906.5,7157.6,4.33
2015-11-03,138.0,468439.3,488856.3,3546.4,4.35
2015-11-04,138.5,470136.6,290114.4,2099.3,4.33
2015-11-05,137.0,465044.9,421869.1,3057.5,4.38
2015-11-06,137.0,465044.9,309994.3,2262.8,4.38
2015-11-09,135.0,458255.9,628967.6,4651.9,4.44
2015-11-10,133.5,453164.1,611171.1,4572.8,4.49
2015-11-11,132.5,449769.6,531933.4,4004.1,4.53
2015-11-12,136.0,461650.4,978949.9,7244.7,4.41
2015-11-13,133.5,453164.1,752984.6,5621.8,4.49
2015-11-16,134.0,454861.4,784256.7,5904.8,4.48
2015-11-17,133.0,451466.9,669873.8,5022.2,4.51
2015-11-18,130.0,441283.4,1330875.0,10138.2,4.62
2015-11-19,130.5,442980.7,722196.9,5527.8,4.6
2015-11-20,132.5,449769.6,689708.9,5239.1,4.53
2015-11-23,133.5,453164.1,397695.8,2989.0,4.49
2015-11-24,133.5,453164.1,487722.3,3652.1,4.49
2015-11-25,134.5,456558.6,606398.5,4529.6,4.46
2015-11-26,133.5,453164.1,409883.3,3057.5,4.49
2015-11-27,133.0,451466.9,170136.0,1278.2,4.51
2015-11-30,131.5,446375.2,1627595.0,12317.2,4.56
2015-12-01,133.5,453164.1,633823.3,4767.2,4.49
2015-12-02,130.0,441283.4,873953.4,6638.3,4.62
2015-12-03,130.5,442980.7,626023.8,4796.4,4.6
2015-12-04,129.0,437888.9,732706.3,5651.2,4.65
2015-12-07,129.0,437888.9,NA,NA,4.65
2015-12-08,127.5,432797.2,741254.4,5787.9,4.71
2015-12-09,127.5,432797.2,814663.6,6363.3,4.71
2015-12-10,127.5,432797.2,NA,NA,4.71
2015-12-11,123.5,419219.3,1045794.0,8307.0,4.86
2015-12-14,123.5,419219.3,981137.9,8057.6,4.86
2015-12-15,124.5,422613.8,940394.6,7604.2,4.82
2015-12-16,125.5,426008.2,1586691.0,12626.2,4.78
2015-12-17,126.5,429402.8,1007434.0,7968.0,4.74
2015-12-18,121.5,412430.3,662945.6,5399.9,4.94
2015-12-21,122.5,415824.8,879473.0,7190.2,4.9
2015-12-22,119.0,403944.1,870129.0,7207.0,5.04
2015-12-23,120.5,409035.8,594176.6,4934.1,4.98
2015-12-24,120.0,407338.6,758962.4,6320.1,5.0
2015-12-25,120.0,407338.6,249541.4,2082.6,5.0
2015-12-28,120.0,407338.6,332618.2,2762.9,5.0
2015-12-29,120.0,407338.6,475640.3,3977.9,5.0
2015-12-30,119.5,405641.3,326698.0,2734.8,5.02
2015-12-31,119.5,405641.3,NA,NA,5.02
2016-01-01,119.5,405641.3,NA,NA,5.02
2016-01-04,117.5,398852.3,454198.5,3859.6,5.11
2016-01-05,117.5,398852.3,681455.3,5801.2,5.11
2016-01-06,117.5,398852.3,836871.1,7125.9,5.11
2016-01-07,113.0,383577.1,833164.2,7253.1,5.31
2016-01-08,116.0,393760.6,740712.8,6490.3,5.17
2016-01-11,113.5,385274.4,707601.4,6224.4,5.29
2016-01-12,118.5,402246.8,1358740.0,11739.8,5.06
2016-01-13,123.5,419219.3,2345641.0,19145.3,4.86
2016-01-14,119.0,403944.1,1384293.0,11500.4,5.04
2016-01-15,114.0,386971.6,1265972.0,10873.0,5.26
2016-01-18,114.0,386971.6,1431044.0,12647.5,5.26
2016-01-19,118.0,400549.6,1884734.0,16121.3,5.08
2016-01-20,117.0,397155.1,1523295.0,13126.3,5.13
2016-01-21,115.0,390366.1,1315319.0,11268.9,5.22
2016-01-22,119.5,405641.3,1900417.0,15935.2,5.02
2016-01-25,120.0,407338.6,1573814.0,13047.6,5.0
2016-01-26,119.5,405641.3,865011.5,7239.6,5.02
2016-01-27,124.0,420916.5,1942676.0,15837.6,4.84
2016-01-28,127.0,431099.9,2223910.0,17696.9,4.72
2016-01-29,130.0,441283.4,1666116.0,12965.9,4.62
2016-02-01,132.0,448072.4,1643736.0,12518.1,4.55
2016-02-02,128.0,434494.5,1407320.0,10875.8,4.69
2016-02-03,128.0,434494.5,1089063.0,8583.0,4.69
2016-02-04,130.5,442980.7,1186788.0,9105.9,4.6
2016-02-05,132.5,449769.6,1799934.0,13620.7,4.53
2016-02-08,134.5,456558.6,1485989.0,11099.2,4.46
2016-02-09,131.0,444677.9,1345586.0,10278.1,4.58
2016-02-10,132.0,448072.4,932278.8,7088.2,4.55
2016-02-11,129.0,437888.9,1513210.0,11520.6,4.65
2016-02-12,130.0,441283.4,1626675.0,12579.7,4.62
2016-02-15,132.5,449769.6,899902.3,6829.9,4.53
2016-02-16,132.0,448072.4,805838.9,6100.1,4.55
2016-02-17,130.5,442980.7,1735408.0,13384.2,4.6
2016-02-18,131.5,446375.2,916241.2,6994.8,4.56
2016-02-19,135.5,459953.1,1600547.0,11936.3,4.43
2016-02-22,135.5,459953.1,NA,NA,4.43
2016-02-23,137.0,465044.9,2154696.0,15828.2,4.01
2016-02-24,141.0,478622.8,2441576.0,17472.9,3.9
2016-02-25,138.0,468439.3,2396942.0,17224.5,3.99
2016-02-26,140.0,475228.3,1310256.0,9415.1,3.93
2016-02-29,138.5,470136.6,814123.8,5871.2,3.97
2016-03-01,139.5,473531.1,843252.0,6087.4,3.94
2016-03-02,142.5,483714.6,1988480.0,14023.7,3.86
2016-03-03,143.0,485411.8,1604745.0,11188.0,3.85
2016-03-04,143.0,485411.8,1934657.0,13417.2,3.85
2016-03-07,143.5,487109.0,1078262.0,7496.9,3.83
2016-03-08,143.0,485411.8,1486812.0,10331.2,3.85
2016-03-09,144.0,488806.3,1147416.0,8053.4,3.82
2016-03-10,140.0,475228.3,1242077.0,8787.6,3.93
2016-03-11,142.0,482017.3,1403289.0,9888.1,3.87
2016-03-14,144.0,488806.3,1251464.0,8705.3,3.82
2016-03-15,143.0,485411.8,745996.4,5215.8,3.85
2016-03-16,140.0,475228.3,1195750.0,8544.5,3.93
2016-03-17,141.5,480320.0,825976.4,5875.7,3.89
2016-03-18,141.5,480320.0,734985.8,5203.9,3.89
2016-03-21,143.5,487109.0,371276.8,2617.8,3.83
2016-03-22,144.0,488806.3,814515.8,5690.0,3.82
2016-03-23,146.5,497292.5,1167788.0,8069.1,3.75
2016-03-24,144.5,490503.5,1397535.0,9657.9,3.81
2016-03-25,142.5,483714.6,534639.9,3731.6,3.86
2016-03-28,138.0,468439.3,1399093.0,10047.6,3.99
2016-03-29,137.5,466742.1,1585464.0,11619.5,4.0
2016-03-30,140.0,475228.3,2204172.0,15739.9,3.93
2016-03-31,141.0,478622.8,1068282.0,7617.5,3.9
2016-04-01,139.0,471833.8,860258.6,6187.8,3.96
2016-04-04,138.5,470136.6,445040.4,3209.1,3.97
2016-04-05,131.0,444677.9,2258360.0,16941.3,4.2
2016-04-06,131.0,444677.9,NA,NA,4.2
2016-04-07,128.0,434494.5,1453344.0,11195.6,4.3
2016-04-08,130.0,441283.4,1167588.0,9045.8,4.23
2016-04-11,132.5,449769.6,639587.3,4845.6,4.15
2016-04-12,134.5,456558.6,547729.9,4090.9,4.09
2016-04-13,134.5,456558.6,NA,NA,4.09
2016-04-14,134.5,456558.6,NA,NA,4.09
2016-04-15,134.5,456558.6,NA,NA,4.09
2016-04-18,133.5,453164.1,830798.6,6329.2,4.12
2016-04-19,133.5,453249.9,746657.8,5596.0,4.12
2016-04-20,133.0,451552.4,370722.5,2797.2,4.14
2016-04-21,135.0,458342.6,1035899.0,7669.0,4.07
2016-04-22,131.0,444762.1,1110130.0,8430.0,4.2
2016-04-25,132.0,448157.2,612890.8,4617.1,4.17
2016-04-26,133.5,453249.9,618344.4,4670.6,4.12
2016-04-27,132.0,448157.2,549738.3,4137.4,4.17
2016-04-28,131.0,444762.1,592277.7,4507.2,4.2
2016-04-29,133.5,453249.9,533763.6,4029.5,4.12
2016-05-02,133.5,453249.9,NA,NA,4.12
2016-05-03,131.5,446459.7,548636.8,4140.9,4.18
2016-05-04,132.0,448157.2,261110.7,1982.9,4.17
2016-05-05,132.0,448157.2,NA,NA,4.17
2016-05-06,132.0,448157.2,NA,NA,4.17
2016-05-09,130.0,441366.9,640655.9,4915.3,4.23
2016-05-10,129.0,437971.8,888169.5,6835.2,4.26
2016-05-11,126.0,427786.4,1156792.0,9098.8,4.37
2016-05-12,127.0,431181.6,859455.1,6821.2,4.33
2016-05-13,125.0,424391.3,788786.9,6257.4,4.4
2016-05-16,125.5,426088.9,924148.7,7318.1,4.38
2016-05-17,128.0,434576.8,1153919.0,9081.4,4.3
2016-05-18,126.0,427786.4,438324.1,3456.6,4.37
2016-05-19,125.0,424391.3,712373.1,5677.8,4.4
2016-05-20,125.0,424391.3,NA,NA,4.4
2016-05-23,124.5,422693.8,876518.6,7070.1,4.42
2016-05-24,125.0,424391.3,548444.1,4414.6,4.4
2016-05-25,128.0,434576.8,1032349.0,8146.0,4.3
2016-05-26,128.0,434576.8,855168.4,6652.9,4.3
2016-05-27,129.5,439669.4,468504.6,3661.3,4.25
2016-05-30,132.5,449854.8,1511409.0,11492.9,4.15
2016-05-31,134.0,454947.5,1318628.0,9901.9,4.1
2016-06-01,137.0,465132.9,3829543.0,27901.1,4.01
2016-06-02,137.0,465132.9,1613356.0,11762.4,4.01
2016-06-03,139.0,471923.1,1791596.0,12897.2,3.96
2016-06-06,140.5,477015.8,1367210.0,9724.3,3.91
2016-06-07,143.0,485503.7,2449974.0,17148.9,3.85
2016-06-08,141.0,478713.4,1481715.0,10552.5,3.9
2016-06-09,137.5,466830.4,711532.8,5113.1,4.0
2016-06-10,136.0,461737.8,1003538.0,7309.0,4.04
2016-06-13,134.0,454947.5,887946.3,6632.1,4.1
2016-06-14,136.0,461737.8,873263.0,6446.0,4.04
2016-06-15,135.0,458342.6,1218659.0,9040.7,4.07
2016-06-16,132.0,448157.2,1438583.0,10899.5,4.17
2016-06-17,134.0,454947.5,1076108.0,8082.5,4.1
2016-06-20,134.5,456645.1,1192266.0,8952.1,4.09
2016-06-21,133.0,451552.4,1355332.0,10153.1,4.14
2016-06-22,131.5,446459.7,1752937.0,13313.2,4.18
2016-06-23,135.0,458342.6,1833476.0,13864.6,4.07
2016-06-24,132.0,448157.2,3318184.0,25386.0,4.17
2016-06-27,133.5,453249.9,1192908.0,8971.7,4.12
2016-06-28,136.0,461737.8,1889866.0,13972.1,4.04
2016-06-29,139.5,473620.7,2433888.0,17526.6,3.94
2016-06-30,139.0,471923.1,1320570.0,9549.3,3.96
2016-07-01,139.0,471923.1,NA,NA,3.96
2016-07-04,144.0,488898.8,3778077.0,26282.4,3.82
2016-07-05,144.0,488898.8,1511920.0,10422.4,3.82
2016-07-06,142.0,482108.6,965895.0,6765.2,3.87
2016-07-07,145.0,492293.9,1365345.0,9406.8,3.79
2016-07-08,145.0,492293.9,1273694.0,8824.2,3.79
2016-07-11,148.5,504176.9,1024253.0,6917.0,3.7
2016-07-12,148.5,504176.9,1065870.0,7177.0,3.7
2016-07-13,149.5,507572.0,1106039.0,7399.7,3.68
2016-07-14,151.0,512664.7,939586.8,6271.2,3.64
2016-07-15,151.0,512664.7,1269824.0,8390.8,3.64
2016-07-18,151.0,512664.7,NA,NA,3.64
2016-07-19,151.0,512664.7,NA,NA,3.64
2016-07-20,153.5,521152.5,1097894.0,7192.6,3.58
2016-07-21,149.5,507589.6,1406794.0,9329.4,3.68
2016-07-22,150.5,510984.9,947939.0,6365.6,3.65
2016-07-25,152.0,516077.8,930917.7,6159.2,3.62
2016-07-26,151.0,512682.5,846594.0,5585.2,3.64
2016-07-27,152.5,517775.4,1110378.0,7282.2,3.61
2016-07-28,159.5,541542.1,3986436.0,25549.9,3.45
2016-07-29,158.5,538146.9,2375008.0,14906.4,3.47
2016-08-01,160.0,543239.8,2463778.0,15431.9,3.44
2016-08-02,155.0,526263.5,1632056.0,10389.6,3.55
2016-08-03,157.0,533054.0,1412109.0,9048.5,3.5
2016-08-04,154.5,524565.9,1175173.0,7552.2,3.56
2016-08-05,156.5,531356.4,1168166.0,7494.1,3.51
2016-08-08,163.5,555123.1,3942640.0,24402.1,3.36
2016-08-09,164.5,558518.4,2628443.0,16071.3,3.34
2016-08-10,164.5,558518.4,1521605.0,9233.4,3.34
2016-08-11,162.5,551727.9,1353773.0,8293.3,3.38
2016-08-12,162.5,551727.9,NA,NA,3.38
2016-08-15,160.5,544937.3,1756336.0,10843.9,3.43
2016-08-16,158.0,536449.3,1870629.0,11772.6,3.48
2016-08-17,157.5,534751.6,1622565.0,10360.5,3.49
2016-08-18,160.0,543239.8,892262.7,5586.2,3.44
2016-08-19,157.5,534751.6,847584.8,5358.5,3.49
2016-08-22,158.0,536449.3,1044571.0,6675.1,3.48
2016-08-23,157.0,533054.0,991395.9,6331.2,3.5
2016-08-24,158.5,538146.9,2307342.0,14600.4,3.47
2016-08-25,157.0,533054.0,969411.2,6103.1,3.5
2016-08-26,160.5,544937.3,1047505.0,6559.8,3.43
2016-08-29,160.0,543239.8,500604.4,3148.1,3.44
2016-08-30,160.5,544937.3,708332.6,4406.3,3.43
2016-08-31,160.0,543239.8,1014866.0,6329.8,3.44
2016-09-01,160.5,544937.3,1012945.0,6301.9,3.43
2016-09-02,155.5,527961.1,1542960.0,9886.4,3.54
2016-09-05,150.5,510984.9,2168508.0,14270.8,3.65
2016-09-06,148.5,504194.4,1320091.0,8831.8,3.7
2016-09-07,149.5,507589.6,2041859.0,13509.8,3.68
2016-09-08,147.5,500799.1,2173335.0,14677.2,3.73
2016-09-09,145.5,494008.6,1361934.0,9319.3,3.78
2016-09-12,143.5,487218.1,1948954.0,13432.0,3.83
2016-09-13,152.0,516077.8,2251529.0,15141.1,3.62
2016-09-14,154.0,522868.3,2372923.0,15524.0,3.57
2016-09-15,151.5,514380.1,1149901.0,7515.4,3.63
2016-09-16,153.5,521170.6,4343860.0,28331.3,3.58
2016-09-19,152.5,517775.4,1202790.0,7891.8,3.61
2016-09-20,150.5,510984.9,1678293.0,11137.1,3.65
2016-09-21,152.0,516077.8,1809627.0,11832.0,3.62
2016-09-22,154.0,522868.3,1460873.0,9479.5,3.57
2016-09-23,152.5,517775.4,1463549.0,9634.9,3.61
2016-09-26,151.0,512682.5,1070458.0,7108.4,3.64
2016-09-27,150.5,510984.9,671525.4,4430.7,3.65
2016-09-28,150.0,509287.3,1021872.0,6807.7,3.67
2016-09-29,149.5,507589.6,1429929.0,9520.1,3.68
2016-09-30,148.0,502496.8,896511.0,6036.0,3.72
2016-10-03,149.5,507589.6,386199.4,2583.7,3.68
2016-10-04,152.0,516077.8,4672738.0,30740.4,3.62
2016-10-05,151.0,512682.5,2065940.0,13640.1,3.64
2016-10-06,151.5,514380.1,1361396.0,8962.3,3.63
2016-10-07,151.0,512682.5,1191650.0,7866.1,3.64
2016-10-10,145.0,492311.0,2200261.0,15083.1,3.79
2016-10-11,143.0,485520.5,1638761.0,11411.6,3.85
2016-10-12,140.0,475334.8,3761283.0,27129.2,3.93
2016-10-13,142.0,482125.3,3547440.0,25578.1,3.87
2016-10-14,149.0,505899.6,4598929.0,30824.0,3.69
2016-10-17,147.0,499109.1,1442424.0,9828.8,3.74
2016-10-18,146.0,495713.8,954934.4,6512.2,3.77
2016-10-19,144.5,490620.8,1993981.0,13912.3,3.81
2016-10-20,146.0,495713.8,985153.9,6730.4,3.77
2016-10-21,146.0,495713.8,488922.6,3349.0,3.77
2016-10-24,146.0,495713.8,NA,NA,3.77
2016-10-25,145.5,494016.1,581867.3,3994.9,3.78
2016-10-26,144.0,488923.1,436259.1,3018.9,3.82
2016-10-27,144.5,490620.8,488952.6,3383.6,3.81
2016-10-28,144.0,488923.1,427228.3,2965.9,3.82
2016-10-31,143.5,487225.5,476428.3,3321.8,3.83
2016-11-01,143.0,485527.8,790078.1,5500.1,3.85
2016-11-02,144.0,488923.1,683928.4,4767.8,3.82
2016-11-03,142.5,483830.2,507538.8,3542.4,3.86
2016-11-04,140.0,475341.9,986806.6,7028.0,3.93
2016-11-07,143.5,487225.5,1097482.0,7632.6,3.83
2016-11-08,145.5,494016.1,978684.3,6745.2,3.78
2016-11-09,144.0,488923.1,1829254.0,12767.7,3.82
2016-11-10,146.0,495713.8,2225834.0,15239.0,3.77
2016-11-11,141.5,480434.9,1366601.0,9572.6,3.89
2016-11-14,138.0,468551.3,1352127.0,9787.9,3.99
2016-11-15,141.5,480434.9,1007660.0,7210.8,3.89
2016-11-16,140.0,475341.9,654430.1,4631.3,3.93
2016-11-17,144.0,488923.1,892193.1,6260.5,3.82
2016-11-18,144.0,488923.1,769958.3,5366.8,3.82
2016-11-21,142.5,483830.2,602696.4,4211.9,3.86
2016-11-22,143.5,487225.5,608250.8,4235.4,3.83
2016-11-23,145.0,492318.4,1068539.0,7401.2,3.79
2016-11-24,143.0,485527.8,745161.5,5187.5,3.85
2016-11-25,144.5,490620.8,638652.4,4430.8,3.81
2016-11-28,144.5,490620.8,1219897.0,8408.9,3.81
2016-11-29,145.0,492318.4,941601.3,6451.1,3.79
2016-11-30,146.5,497411.4,3418652.0,23372.1,3.75
2016-12-01,145.0,492318.4,1106171.0,7568.1,3.79
2016-12-02,145.0,492318.4,384305.7,2648.9,3.79
2016-12-05,145.0,492318.4,NA,NA,3.79
2016-12-06,146.0,495713.8,653564.3,4507.6,3.77
2016-12-07,148.0,502504.3,783289.8,5317.2,3.72
2016-12-08,149.0,505899.6,1328681.0,8903.4,3.69
2016-12-09,150.0,509294.9,1341288.0,8934.4,3.67
2016-12-12,150.0,509294.9,NA,NA,3.67
2016-12-13,149.5,507597.3,1079344.0,7273.4,3.68
2016-12-14,146.0,495713.8,1113609.0,7552.2,3.77
2016-12-15,147.0,499109.1,1251531.0,8515.0,3.74
2016-12-16,146.0,495713.8,1100613.0,7498.9,3.77
2016-12-19,147.0,499109.1,656299.8,4469.8,3.74
2016-12-20,145.5,494016.1,569210.3,3896.4,3.78
2016-12-21,145.5,494016.1,478590.1,3274.8,3.78
2016-12-22,146.0,495713.8,416269.4,2847.7,3.77
2016-12-23,146.5,497411.4,587127.8,4007.6,3.75
2016-12-26,148.5,504201.9,447172.0,3022.0,3.7
2016-12-27,148.5,504201.9,399751.8,2690.7,3.7
2016-12-28,149.0,505899.6,472632.7,3173.3,3.69
2016-12-29,151.0,512690.3,838084.4,5581.9,3.64
2016-12-30,152.5,517783.2,1146538.0,7523.7,3.61
2016-12-30,152.5,517783.2,1146538.0,7523.7,3.61
2016-12-30,152.5,517783.2,1146538.0,7523.7,3.61
2016-12-30,152.5,517783.2,1146538.0,7523.7,3.61
2016-12-30,152.5,517783.2,1146538.0,7523.7,3.61
2016-12-30,152.5,517783.2,1146538.0,7523.7,3.61
2016-12-30,152.5,517783.2,1146538.0,7523.7,3.61
2016-12-30,152.5,517783.2,1146538.0,7523.7,3.61
2016-12-30,152.5,517783.2,1146538.0,7523.7,3.61
2016-12-30,152.5,517783.2,1146538.0,7523.7,3.61
2016-12-30,152.5,517783.2,1146538.0,7523.7,3.61
2016-12-30,152.5,517783.2,1146538.0,7523.7,3.61
2016-12-30,152.5,517783.2,1146538.0,7523.7,3.61
2016-12-30,152.5,517783.2,1146538.0,7523.7,3.61
2016-12-30,152.5,517783.2,1146538.0,7523.7,3.61
2016-12-30,152.5,517783.2,1146538.0,7523.7,3.61
2016-12-30,152.5,517783.2,1146538.0,7523.7,3.61
2016-12-30,152.5,517783.2,1146538.0,7523.7,3.61
2016-12-30,152.5,517783.2,1146538.0,7523.7,3.61
2016-12-30,152.5,517783.2,1146538.0,7523.7,3.61
2016-12-30,152.5,517783.2,1146538.0,7523.7,3.61
2016-12-30,152.5,517783.2,1146538.0,7523.7,3.61
2016-12-30,152.5,517783.2,1146538.0,7523.7,3.61
2016-12-30,152.5,517783.2,1146538.0,7523.7,3.61
2016-12-30,152.5,517783.2,1146538.0,7523.7,3.61
2016-12-30,152.5,517783.2,1146538.0,7523.7,3.61
2016-12-30,152.5,517783.2,1146538.0,7523.7,3.61
2016-12-30,152.5,517783.2,1146538.0,7523.7,3.61
2016-12-30,152.5,517783.2,1146538.0,7523.7,3.61
2016-12-30,152.5,517783.2,1146538.0,7523.7,3.61
2016-12-30,152.5,517783.2,1146538.0,7523.7,3.61
2016-12-30,152.5,517783.2,1146538.0,7523.7,3.61
2017-01-02,152.5,517783.2,NA,NA,3.61
2017-01-03,152.5,517783.2,NA,NA,3.61
2017-01-04,156.0,529666.7,1834123.0,11832.9,3.53
2017-01-05,156.5,531364.4,1280649.0,8184.3,3.51
2017-01-06,156.5,531364.4,580111.6,3713.1,3.51
2017-01-09,156.5,531364.4,1005634.0,6420.7,3.51
2017-01-10,157.5,534759.7,1796729.0,11395.5,3.49
2017-01-11,157.0,533062.0,1009615.0,6406.7,3.5
2017-01-12,155.5,527969.1,1216387.0,7774.7,3.54
2017-01-13,157.5,534759.7,972775.8,6183.5,3.49
2017-01-16,155.0,526271.4,816068.4,5236.9,3.55
2017-01-17,155.0,526271.4,1376428.0,8864.7,3.55
2017-01-18,156.0,529680.8,672996.0,4313.7,3.53
2017-01-19,155.0,526285.3,1054562.0,6845.2,3.55
2017-01-20,150.5,511006.1,4242831.0,28188.1,3.65
2017-01-23,150.5,511006.1,1320560.0,8784.6,3.65
2017-01-24,150.5,511006.1,1078198.0,7154.7,3.65
2017-01-25,152.0,516099.2,2504524.0,16493.6,3.62
2017-01-26,153.5,521192.2,1419338.0,9258.4,3.58
2017-01-27,152.5,517796.8,671041.2,4390.5,3.61
2017-01-30,152.5,517796.8,539515.4,3537.2,3.61
2017-01-31,151.0,512703.8,1165560.0,7703.8,3.64
2017-02-01,152.0,516099.2,1059078.0,6969.6,3.62
2017-02-02,151.0,512703.8,989900.3,6529.3,3.64
2017-02-03,153.0,519494.6,1006881.0,6597.9,3.59
2017-02-06,154.5,524587.6,1529174.0,9901.8,3.56
2017-02-07,154.0,522889.9,586626.6,3803.0,3.57
2017-02-08,154.0,522889.9,884443.6,5747.7,3.57
2017-02-09,154.0,522889.9,951813.6,6157.7,3.57
2017-02-10,154.0,522889.9,1484631.0,9620.8,3.57
2017-02-13,154.0,522889.9,NA,NA,3.57
2017-02-14,154.0,522889.9,1507777.0,9754.3,3.57
2017-02-15,153.5,521192.2,679468.2,4413.8,3.58
2017-02-16,154.0,522889.9,707399.8,4592.6,3.57
2017-02-17,154.0,522889.9,946882.9,6132.6,3.57
2017-02-20,154.0,522889.9,964470.1,6282.8,3.57
2017-02-21,152.5,517796.8,833826.4,5458.9,3.61
2017-02-22,152.5,517796.8,1022640.0,6729.6,3.61
2017-02-23,151.0,512703.8,890800.0,5876.8,3.64
2017-02-24,153.0,519494.6,611273.4,4025.7,3.59
2017-02-27,152.0,516099.2,686083.0,4506.9,3.62
2017-02-28,154.0,522889.9,755300.9,4919.5,3.57
2017-03-01,155.0,526285.3,593814.4,3841.8,3.55
2017-03-02,155.5,527983.0,1327551.0,8520.5,3.54
2017-03-03,155.0,526285.3,460768.8,2973.4,3.55
2017-03-06,154.0,522889.9,558386.1,3617.9,3.57
2017-03-07,153.0,519494.6,1004298.0,6565.3,3.59
2017-03-08,154.5,524587.6,766000.1,5003.4,3.56
2017-03-09,156.0,529680.8,1106297.0,7133.5,3.53
2017-03-10,154.5,524587.6,566399.3,3648.5,3.56
2017-03-13,155.0,526285.3,450858.7,2915.7,3.55
2017-03-14,155.0,526285.3,556588.3,3585.8,3.55
2017-03-15,154.0,522889.9,537024.5,3476.7,3.57
2017-03-16,157.0,533076.1,1241349.0,7959.9,3.5
2017-03-17,158.0,536471.5,931473.9,5918.6,3.48
2017-03-20,158.0,536471.5,524387.1,3310.0,3.48
2017-03-21,159.5,541564.6,810060.9,5092.8,3.45
2017-03-22,158.0,536471.5,790106.0,4996.2,3.48
2017-03-23,159.5,541564.6,1099939.0,6890.0,3.45
2017-03-24,160.5,544959.9,958988.5,5993.9,3.43
2017-03-27,161.5,548355.3,748472.1,4637.8,3.41
2017-03-28,162.0,550053.1,1239617.0,7642.6,3.4
2017-03-29,162.5,551750.8,760976.6,4683.0,3.38
2017-03-30,163.0,553448.4,852287.9,5248.3,3.37
2017-03-31,163.0,553448.4,591468.9,3638.8,3.37
2017-04-03,163.0,553448.4,779392.6,4784.7,3.37
2017-04-04,161.5,548355.3,843212.4,5221.4,3.41
2017-04-05,163.0,553448.4,458342.4,2816.4,3.37
2017-04-06,163.0,553448.4,NA,NA,3.37
2017-04-07,164.0,556843.8,701163.5,4295.1,3.35
2017-04-10,163.0,553448.4,282464.8,1730.6,3.37
2017-04-11,164.5,558541.5,1587605.0,9720.2,3.34
2017-04-12,165.0,560239.2,792641.3,4810.0,3.33
2017-04-13,165.0,560239.2,NA,NA,3.33
2017-04-14,165.0,560239.2,NA,NA,3.33
2017-04-17,163.5,555146.1,630772.8,3841.9,3.36
2017-04-18,163.5,555146.9,627072.6,3828.2,3.36
2017-04-19,160.0,543263.1,1417729.0,8808.9,3.44
2017-04-20,160.0,543263.1,1212068.0,7573.0,3.44
2017-04-21,160.0,543263.1,1292052.0,8079.2,3.44
2017-04-24,155.5,527983.8,1078880.0,6932.4,3.54
2017-04-25,156.0,529681.5,1099611.0,7071.5,3.53
2017-04-26,157.0,533076.9,1097483.0,7018.5,3.5
2017-04-27,156.0,529681.5,858762.8,5513.9,3.53
2017-04-28,156.0,529681.5,852782.9,5471.2,3.53
2017-05-01,156.0,529681.5,NA,NA,3.53
2017-05-02,155.0,526286.1,1016018.0,6526.6,3.55
2017-05-03,155.5,527983.8,1357748.0,8719.0,3.54
2017-05-04,157.0,533076.9,1403525.0,8979.9,3.5
2017-05-05,157.5,534774.6,856026.0,5448.3,3.49
2017-05-08,157.5,534774.6,563552.9,3581.5,3.49
2017-05-09,156.5,531379.2,961632.8,6154.7,3.51
2017-05-10,156.5,531379.2,NA,NA,3.51
2017-05-11,156.0,529681.5,672281.9,4315.5,3.53
2017-05-12,154.5,524588.4,1188488.0,7726.8,3.56
2017-05-15,152.0,516099.9,750983.1,4922.6,3.62
2017-05-16,150.5,511006.8,2027238.0,13490.5,3.65
2017-05-17,152.0,516099.9,767550.9,5045.9,3.62
2017-05-18,151.0,512704.5,442444.4,2929.4,3.64
2017-05-19,152.0,516099.9,363860.1,2399.0,3.62
2017-05-22,154.5,524588.4,719764.9,4676.1,3.56
2017-05-23,156.0,529681.5,705243.0,4538.2,3.53
2017-05-24,155.5,527983.8,375092.8,2416.1,3.54
2017-05-25,154.5,524588.4,540177.3,3481.6,3.56
2017-05-26,154.5,524588.4,300972.5,1950.8,3.56
2017-05-29,154.0,522890.7,273138.5,1765.2,3.57
2017-05-30,155.0,526286.1,252055.1,1625.6,3.55
2017-05-31,153.0,519495.3,640669.8,4163.6,3.59
2017-06-01,155.5,527983.8,732061.4,4726.1,3.54
2017-06-02,156.0,529681.5,387340.1,2488.4,3.53
2017-06-05,156.5,531379.2,347605.1,2225.6,3.51
2017-06-06,155.5,527983.8,313575.9,2015.8,3.54
2017-06-07,154.5,524588.4,345754.9,2227.6,3.56
2017-06-08,156.0,529681.5,489340.1,3154.3,3.53
2017-06-09,153.5,521193.0,637327.9,4137.0,3.58
2017-06-12,154.5,524588.4,393945.3,2550.7,3.56
2017-06-13,154.5,524588.4,474139.6,3060.7,3.56
2017-06-14,155.0,526286.1,486582.6,3144.9,3.55
2017-06-15,154.5,524588.4,575518.6,3722.0,3.56
2017-06-16,155.5,527983.8,532643.3,3428.5,3.54
2017-06-19,156.0,529681.5,395558.3,2537.4,3.53
2017-06-20,154.5,524588.4,1351720.0,8735.7,3.56
2017-06-21,154.0,522890.7,879419.8,5704.3,3.57
2017-06-22,154.0,522890.7,473763.1,3079.6,3.57
2017-06-23,154.0,522890.7,618240.7,4017.8,3.57
2017-06-26,154.0,522890.7,956737.8,6207.2,3.57
2017-06-27,155.5,527983.8,625015.3,4027.6,3.54
2017-06-28,155.5,527983.8,688358.4,4429.2,3.54
2017-06-29,155.5,527983.8,1643600.0,10503.4,3.54
2017-06-30,155.5,527983.8,766002.6,4919.5,3.54
2017-07-03,157.0,533076.9,436181.4,2783.0,3.5
2017-07-04,155.0,526286.1,905503.4,5827.3,3.55
2017-07-05,156.5,531379.2,440721.1,2825.4,3.51
2017-07-06,153.5,521193.0,1499676.0,9720.7,3.58
2017-07-07,154.5,524588.4,1066750.0,6963.4,3.56
2017-07-10,154.5,524588.4,NA,NA,3.56
2017-07-11,155.5,527983.8,1054403.0,6799.4,3.54
2017-07-12,157.0,533076.9,1733466.0,11054.5,3.5
2017-07-13,157.5,534774.6,2433290.0,15359.0,3.49
2017-07-14,156.0,529681.5,986241.5,6298.9,3.53
2017-07-17,157.5,534774.6,414560.4,2642.0,3.49
2017-07-18,154.0,522891.5,1272207.0,8209.3,3.57
2017-07-19,153.5,521193.8,796936.8,5185.5,3.58
2017-07-20,152.0,516100.8,1201055.0,7884.0,3.62
2017-07-21,151.0,512705.3,1473686.0,9709.2,3.64
2017-07-24,152.5,517798.4,562837.9,3700.8,3.61
2017-07-25,152.0,516100.8,552645.4,3641.4,3.62
2017-07-26,152.0,516100.8,613491.4,4045.0,3.62
2017-07-27,150.5,511007.6,919110.3,6097.6,3.65
2017-07-28,150.5,511007.6,NA,NA,3.65
2017-07-31,147.0,499123.7,2755548.0,18689.2,3.74
2017-08-01,145.5,494030.6,1697687.0,11647.4,3.78
2017-08-02,145.5,494030.6,1358160.0,9290.9,3.78
2017-08-03,145.0,492332.9,992674.5,6824.0,3.79
2017-08-04,143.0,485542.1,1826582.0,12729.4,3.85
2017-08-07,141.5,480449.0,1691683.0,11988.8,3.89
2017-08-08,143.5,487239.8,1383019.0,9645.9,3.83
2017-08-09,144.0,488937.5,721792.6,5021.0,3.82
2017-08-10,143.0,485542.1,718903.1,5011.1,3.85
2017-08-11,143.5,487239.8,1335204.0,9392.8,3.83
2017-08-14,143.5,487239.8,NA,NA,3.83
2017-08-15,144.0,488937.5,926087.9,6430.6,3.82
2017-08-16,141.0,478751.3,1571136.0,11125.0,3.9
2017-08-17,142.0,482146.8,783449.1,5501.4,3.87
2017-08-18,142.5,483844.4,218130.9,1532.5,3.86
2017-08-21,142.5,483844.4,329366.4,2309.6,3.86
2017-08-22,143.5,487239.8,1369945.0,9516.3,3.83
2017-08-23,144.5,490635.2,1649066.0,11417.6,3.81
2017-08-24,144.5,490635.2,1555128.0,10694.6,3.81
2017-08-25,144.0,488937.5,452963.2,3141.0,3.82
2017-08-28,144.5,490635.2,858763.6,5948.3,3.81
2017-08-29,148.5,504216.8,3637377.0,24751.9,3.7
2017-08-30,150.5,511007.6,2313896.0,15341.9,3.65
2017-08-31,150.5,511007.6,1404460.0,9346.9,3.65
2017-09-01,151.0,512705.3,826697.1,5464.0,3.64
2017-09-04,149.5,507612.2,749787.1,5021.3,3.68
2017-09-05,148.0,502519.1,728352.6,4906.6,3.72
2017-09-06,147.0,499123.7,822266.8,5594.6,3.74
2017-09-07,147.5,500821.4,1538775.0,10438.3,3.73
2017-09-08,149.0,505914.5,2161363.0,14471.9,3.69
2017-09-11,150.0,509309.9,1520920.0,10134.2,3.67
2017-09-12,151.5,514403.0,1431131.0,9460.6,3.63
2017-09-13,152.0,516100.8,1328676.0,8740.8,3.62
2017-09-14,153.5,521193.8,1825782.0,11927.3,3.58
2017-09-15,155.5,527984.6,2031337.0,13133.2,3.54
2017-09-18,156.0,529682.3,1865798.0,11916.6,3.53
2017-09-19,154.5,524589.2,825765.4,5332.3,3.56
2017-09-20,154.5,524589.2,597944.5,3887.6,3.56
2017-09-21,153.5,521193.8,688120.4,4476.0,3.58
2017-09-22,153.5,521193.8,1470044.0,9612.2,3.58
2017-09-25,154.5,524589.2,525406.9,3419.2,3.56
2017-09-26,154.0,522891.5,874310.1,5686.0,3.57
2017-09-27,154.5,524589.2,738959.7,4800.8,3.56
2017-09-28,153.5,521193.8,1392694.0,9059.9,3.58
2017-09-29,153.0,519496.1,1176949.0,7662.8,3.59
2017-10-02,155.0,526286.9,1198638.0,7766.6,3.55
2017-10-03,154.0,522891.5,795351.4,5138.9,3.57
2017-10-04,153.0,519496.1,723283.2,4705.8,3.59
2017-10-05,152.0,516100.8,1097362.0,7216.7,3.62
2017-10-06,151.0,512705.3,2017801.0,13382.9,3.64
2017-10-09,150.5,511007.6,1169945.0,7769.9,3.65
2017-10-10,150.0,509309.9,3014219.0,20225.7,3.67
2017-10-11,150.5,511007.6,2067115.0,13756.7,3.65
2017-10-12,151.5,514403.0,1332341.0,8786.4,3.63
2017-10-13,151.5,514403.0,NA,NA,3.63
2017-10-16,151.0,512705.3,893611.6,5900.8,3.64
2017-10-17,150.5,511007.6,880276.8,5854.4,3.65
2017-10-18,148.0,502519.9,1471009.0,9902.9,3.72
2017-10-19,148.5,504217.6,1211822.0,8147.6,3.7
2017-10-20,147.0,499124.4,1795652.0,12243.9,3.74
2017-10-23,147.0,499124.4,NA,NA,3.74
2017-10-24,145.5,494031.4,1068768.0,7303.3,3.78
2017-10-25,147.0,499124.4,569083.8,3882.0,3.74
2017-10-26,147.0,499124.4,NA,NA,3.74
2017-10-27,147.0,499124.4,937750.8,6377.0,3.74
2017-10-30,147.0,499124.4,1138939.0,7766.6,3.74
2017-10-31,146.5,497426.8,876158.1,5969.6,3.75
2017-11-01,146.5,497426.8,1031673.0,7022.9,3.75
2017-11-02,146.0,495729.1,434878.3,2973.5,3.77
2017-11-03,146.5,497426.8,470178.1,3205.1,3.75
2017-11-06,147.0,499124.4,698392.8,4780.8,3.74
2017-11-07,146.5,497426.8,604038.5,4119.7,3.75
2017-11-08,149.0,505915.3,1989247.0,13288.2,3.69
2017-11-09,148.5,504217.6,1951101.0,12990.4,3.7
2017-11-10,149.0,505915.3,789622.6,5297.1,3.69
2017-11-13,150.5,511008.4,974333.8,6498.6,3.65
2017-11-14,150.5,511008.4,1123682.0,7494.0,3.65
2017-11-15,147.5,500822.1,955535.9,6452.3,3.73
2017-11-16,147.5,500822.1,906398.9,6114.8,3.73
2017-11-17,149.0,505915.3,1020793.0,6855.4,3.69
2017-11-20,150.0,509310.7,501826.3,3351.2,3.67
2017-11-21,149.0,505915.3,542767.5,3638.9,3.69
2017-11-22,150.0,509310.7,598135.4,3993.9,3.67
2017-11-23,149.5,507612.9,550507.6,3682.0,3.68
2017-11-24,148.5,504217.6,936167.8,6326.4,3.7
2017-11-27,147.5,500822.1,557272.7,3778.1,3.73
2017-11-28,147.0,499124.4,709613.9,4808.0,3.74
2017-11-29,149.5,507612.9,1941078.0,12995.6,3.68
2017-11-30,152.5,517799.2,3639004.0,23954.6,3.61
2017-12-01,153.5,521194.6,1697254.0,11073.8,3.58
2017-12-04,154.0,522892.3,938426.9,6102.0,3.57
2017-12-05,154.0,522892.3,NA,NA,3.57
2017-12-06,152.5,517799.2,1250189.0,8174.8,3.61
2017-12-07,151.5,514403.8,795475.2,5243.2,3.63
2017-12-08,151.0,512706.1,1074551.0,7085.1,3.64
2017-12-11,151.0,512706.1,NA,NA,3.64
2017-12-12,152.5,517799.2,891663.1,5862.5,3.61
2017-12-13,151.0,512706.1,872025.1,5776.2,3.64
2017-12-14,150.5,511008.4,1129505.0,7500.2,3.65
2017-12-15,149.5,507612.9,1215026.0,8135.0,3.68
2017-12-18,149.5,507612.9,1223462.0,8170.5,3.68
2017-12-19,151.0,512706.1,3145769.0,20953.5,3.64
2017-12-20,151.0,512706.1,2069355.0,13729.9,3.64
2017-12-21,151.0,512706.1,865521.4,5737.1,3.64
2017-12-22,150.5,511008.4,858547.8,5688.9,3.65
2017-12-25,152.0,516101.5,518002.5,3417.6,3.62
2017-12-26,149.5,507612.9,1550599.0,10333.0,3.68
2017-12-27,149.0,505915.3,1261498.0,8424.8,3.69
2017-12-28,148.0,502519.9,1574781.0,10597.4,3.72
2017-12-29,150.0,509310.7,873500.6,5854.5,3.67
2018-01-01,150.0,509310.7,NA,NA,3.67
2018-01-02,150.0,509310.7,NA,NA,3.67
2018-01-03,150.0,509310.7,3878931.0,25868.9,3.67
2018-01-04,149.5,507612.9,2545821.0,17023.7,3.68
2018-01-05,148.0,502519.9,2866679.0,19296.3,3.72
2018-01-08,150.0,509310.7,2089874.0,13954.6,3.67
2018-01-09,149.5,507612.9,931773.2,6227.2,3.68
2018-01-10,150.0,509310.7,1483164.0,9848.3,3.67
2018-01-11,154.5,524590.0,4665442.0,30473.5,3.56
2018-01-12,158.5,538171.6,5312686.0,33752.1,3.47
2018-01-15,162.0,550055.6,3502171.0,21671.7,3.4
2018-01-16,161.0,546661.4,1994857.0,12394.8,3.42
2018-01-17,162.0,550056.8,1658115.0,10282.9,3.4
2018-01-18,157.0,533079.7,2073602.0,13016.2,3.5
2018-01-19,153.5,521195.8,4852469.0,31818.1,3.58
2018-01-22,154.0,522893.5,1817098.0,11827.5,3.57
2018-01-23,158.0,536475.1,3522404.0,22356.1,3.48
2018-01-24,156.5,531382.0,1066443.0,6795.0,3.51
2018-01-25,156.0,529684.3,1382490.0,8801.7,3.53
2018-01-26,158.0,536475.1,1290284.0,8230.1,3.48
2018-01-29,159.0,539870.6,1225737.0,7734.8,3.46
2018-01-30,155.5,527986.6,1860288.0,11873.3,3.54
2018-01-31,157.5,534777.4,1185873.0,7571.5,3.49
2018-02-01,157.5,534777.4,791102.1,5018.2,3.49
2018-02-02,155.5,527986.6,1191390.0,7645.6,3.54
2018-02-05,153.5,521195.8,2223472.0,14469.8,3.58
2018-02-06,151.5,514404.9,3199293.0,21201.0,3.63
2018-02-07,149.5,507614.1,2396208.0,15969.6,3.68
2018-02-08,150.0,509311.8,1075955.0,7178.3,3.67
2018-02-09,148.0,502521.0,1790256.0,12051.3,3.72
2018-02-12,149.0,505916.4,1176014.0,7916.0,3.69
2018-02-13,149.5,507614.1,1472529.0,9819.6,3.68
2018-02-14,148.5,504218.7,1150593.0,7715.0,3.7
2018-02-15,148.5,504218.7,1875057.0,12679.4,3.7
2018-02-16,149.0,505916.4,779932.2,5236.5,3.69
2018-02-19,149.0,505916.4,1021932.0,6860.8,3.69
2018-02-20,148.0,502521.0,909743.7,6121.8,3.72
2018-02-21,149.0,505916.4,995417.1,6695.7,3.69
2018-02-22,146.5,497427.9,1100812.0,7461.7,3.75
2018-02-23,148.5,504218.7,1317605.0,8902.7,3.7
2018-02-26,148.5,504218.7,1332312.0,8981.8,3.7
2018-02-27,148.5,504218.7,1794684.0,12021.0,3.7
2018-02-28,149.0,505916.4,1194679.0,7995.9,3.69
2018-03-01,149.0,505916.4,NA,NA,3.69
2018-03-02,148.5,504218.7,735410.8,4961.4,3.7
2018-03-05,148.5,504218.7,514280.6,3472.4,3.7
2018-03-06,147.5,500823.3,712582.8,4804.7,3.73
2018-03-07,147.0,499125.6,673086.3,4572.9,3.74
2018-03-08,146.5,497427.9,936323.3,6376.4,3.75
2018-03-09,148.5,504218.7,835723.9,5656.1,3.7
2018-03-12,149.0,505916.4,544425.4,3653.2,3.69
2018-03-13,149.0,505916.4,477799.5,3211.1,3.69
2018-03-14,148.0,502521.0,334348.4,2251.5,3.72
2018-03-15,150.0,509311.8,1370259.0,9143.9,3.67
2018-03-16,148.0,502521.0,1217272.0,8202.7,3.72
2018-03-19,148.0,502521.0,462559.6,3119.0,3.72
2018-03-20,147.0,499125.6,924456.6,6271.7,3.74
2018-03-21,146.0,495730.2,1691061.0,11613.3,3.77
2018-03-22,145.0,492334.8,898611.6,6182.2,3.79
2018-03-23,145.5,494032.4,611699.9,4221.4,3.78
2018-03-26,145.0,492334.8,486403.6,3359.5,3.79
2018-03-27,145.0,492334.8,738545.1,5070.6,3.79
2018-03-28,141.5,480450.8,2667521.0,18701.8,3.89
2018-03-29,143.5,487241.6,1444353.0,10128.7,3.83
2018-03-30,143.0,485543.9,806783.7,5657.1,3.85
2018-04-02,145.0,492334.8,393529.4,2737.5,3.79
2018-04-03,143.5,487241.6,539358.6,3760.8,3.83
2018-04-04,140.0,475357.7,2166509.0,15472.2,3.93
2018-04-05,138.0,468566.9,1546318.0,11182.1,3.99
2018-04-06,138.0,468566.9,NA,NA,3.99
2018-04-09,140.0,475357.7,1065035.0,7639.4,3.93
2018-04-10,140.5,477055.4,1200424.0,8552.6,3.91
2018-04-11,141.5,480450.8,1824634.0,12873.7,3.89
2018-04-12,141.0,478753.1,1647693.0,11696.8,3.9
2018-04-13,141.0,478753.1,NA,NA,3.9
2018-04-16,141.0,478753.1,NA,NA,3.9
2018-04-17,136.5,463473.8,1054803.0,7697.3,4.03
2018-04-18,138.0,468569.0,1097653.0,8001.4,3.99
2018-04-19,137.5,466871.3,662651.1,4802.6,4.0
2018-04-20,138.5,470266.7,1445221.0,10388.8,3.97
2018-04-23,136.0,461778.1,891025.1,6506.2,4.04
2018-04-24,133.0,451591.8,1898777.0,14202.3,4.14
2018-04-25,130.5,443103.3,1339737.0,10228.1,4.21
2018-04-26,131.5,446498.7,744314.1,5659.0,4.18
2018-04-27,133.0,451591.8,753461.9,5704.7,4.14
2018-04-30,131.0,444801.0,828844.3,6302.2,4.2
2018-05-01,131.0,444801.0,NA,NA,4.2
2018-05-02,133.5,453289.6,643540.7,4858.1,4.12
2018-05-03,130.5,443103.3,757525.4,5760.2,4.21
2018-05-04,131.0,444801.0,924118.4,7057.7,4.2
2018-05-07,132.5,449894.1,647536.1,4887.7,4.15
2018-05-08,134.5,456685.0,1735900.0,12897.1,4.09
2018-05-09,133.0,451591.8,735725.8,5504.7,4.14
2018-05-10,131.0,444801.0,899693.9,6850.9,4.2
2018-05-11,134.0,454987.3,723806.1,5454.4,4.1
2018-05-14,136.5,463475.9,845966.4,6234.9,4.03
2018-05-15,134.5,456685.0,654388.6,4856.3,4.09
2018-05-16,133.5,453289.6,453104.7,3395.3,4.12
2018-05-17,132.0,448196.4,597509.1,4514.1,4.17
2018-05-18,134.0,454987.3,809841.9,6071.9,4.1
2018-05-21,135.5,460080.4,763854.9,5634.7,4.06
2018-05-22,136.0,461778.1,717463.5,5281.1,4.04
2018-05-23,136.5,463475.9,876163.1,6433.1,4.03
2018-05-24,136.0,461778.1,620441.8,4567.6,4.04
2018-05-25,137.5,466871.3,529648.6,3874.5,4.0
2018-05-28,138.0,468569.0,476086.8,3457.3,3.99
2018-05-29,138.0,468569.0,NA,NA,3.99
2018-05-30,136.5,463475.9,888784.4,6533.7,4.03
2018-05-31,133.0,451591.8,1740439.0,12971.9,4.14
2018-06-01,136.0,461778.1,635939.5,4712.7,4.04
2018-06-04,134.5,456685.0,634674.4,4719.0,4.09
2018-06-05,139.5,473662.1,1730772.0,12566.8,3.94
2018-06-06,140.0,475359.9,1137668.0,8157.3,3.93
2018-06-07,139.0,471964.4,1123828.0,8006.0,3.96
2018-06-08,136.0,461778.1,898779.1,6548.8,4.04
2018-06-11,137.5,466871.3,671915.5,4920.9,4.0
2018-06-12,138.0,468569.0,919497.8,6645.6,3.99
2018-06-13,136.0,461778.1,785165.8,5760.0,4.04
2018-06-14,135.0,458382.7,1483066.0,10989.3,4.07
2018-06-15,137.5,466871.3,2046643.0,14927.7,4.0
2018-06-18,133.5,453289.6,1030665.0,7655.2,4.12
2018-06-19,131.0,444801.0,1796217.0,13663.6,4.2
2018-06-20,131.0,444801.0,1725732.0,13217.8,4.2
2018-06-21,129.5,439707.9,1455686.0,11219.4,4.25
2018-06-22,128.5,436312.4,952888.8,7387.3,4.28
2018-06-25,124.0,421033.0,2381216.0,19109.5,4.44
2018-06-26,124.5,422730.8,1049842.0,8445.7,4.42
2018-06-27,123.0,417637.6,1191432.0,9583.7,4.47
2018-06-28,117.5,398962.8,2416100.0,20189.8,4.68
2018-06-29,118.5,402358.2,1597109.0,13473.3,4.64
2018-07-02,120.5,409149.0,1137956.0,9444.0,4.56
2018-07-03,122.0,414242.1,1574710.0,12908.5,4.51
2018-07-04,125.0,424428.4,1815541.0,14677.9,4.4
2018-07-05,122.5,415939.8,1528244.0,12414.1,4.49
2018-07-06,125.0,424428.4,968915.6,7806.3,4.4
2018-07-09,123.0,417637.6,1193396.0,9660.1,4.47
2018-07-10,123.5,419335.3,940200.6,7645.8,4.45
2018-07-11,121.5,412544.4,1001170.0,8202.8,4.53
2018-07-12,124.0,421033.0,1099878.0,8904.7,4.44
2018-07-13,124.5,422735.5,920847.0,7406.9,4.42
2018-07-16,122.0,414246.8,736741.1,6002.8,4.51
2018-07-17,123.0,417642.3,1307556.0,10669.5,4.47
2018-07-18,125.0,424433.3,1569247.0,12619.9,4.4
2018-07-19,126.5,429526.4,1007727.0,7943.8,4.35
2018-07-20,132.0,448201.5,1836569.0,14014.5,4.17
2018-07-23,132.0,448201.5,1122485.0,8515.8,4.17
2018-07-24,131.5,446503.8,869189.8,6599.3,4.18
2018-07-25,133.0,451596.9,908453.6,6828.0,4.14
2018-07-26,136.5,463481.1,1590438.0,11726.5,4.03
2018-07-27,136.5,463481.1,NA,NA,4.03
2018-07-30,136.5,463481.1,NA,NA,4.03
2018-07-31,140.0,475365.3,2438604.0,17546.3,3.93
2018-08-01,141.0,478760.7,1693814.0,12006.9,3.9
2018-08-02,141.0,478760.7,2037253.0,14481.4,3.9
2018-08-03,141.5,480458.4,1811656.0,12955.0,3.89
2018-08-06,141.5,480458.4,1464635.0,10293.0,3.89
2018-08-07,143.0,485551.6,1531598.0,10819.0,3.85
2018-08-08,143.0,485551.6,881967.8,6182.9,3.85
2018-08-09,147.5,500831.2,2749812.0,18841.0,3.73
2018-08-10,145.5,494040.3,1168552.0,8015.0,3.78
2018-08-13,145.5,494040.3,NA,NA,3.78
2018-08-14,143.5,487249.4,1014437.0,7056.2,3.83
2018-08-15,144.5,490644.8,1099797.0,7684.6,3.81
2018-08-16,144.0,488947.1,982638.8,6834.5,3.82
2018-08-17,144.0,488947.1,494213.1,3420.4,3.82
2018-08-20,146.0,495738.0,612740.4,4216.1,3.77
2018-08-21,144.5,490644.8,1175263.0,8111.5,3.81
2018-08-22,145.0,492342.6,400778.1,2758.2,3.79
2018-08-23,147.0,499133.5,1201297.0,8190.7,3.74
2018-08-24,147.0,499133.5,450642.4,3074.1,3.74
2018-08-27,147.5,500831.2,822999.3,5582.1,3.73
2018-08-28,145.5,494040.3,766995.1,5241.9,3.78
2018-08-29,146.0,495738.0,588557.6,4026.1,3.77
2018-08-30,146.5,497435.8,341831.7,2327.6,3.75
2018-08-31,148.0,502528.9,1079554.0,7332.5,3.72
2018-09-03,146.5,497435.8,970431.1,6626.9,3.75
2018-09-04,145.5,494040.3,602163.9,4145.1,3.78
2018-09-05,141.5,480458.4,1108972.0,7751.2,3.89
2018-09-06,144.5,490644.8,1064625.0,7441.3,3.81
2018-09-07,145.5,494040.3,821056.9,5666.3,3.78
2018-09-10,145.0,492342.6,653554.7,4513.8,3.79
2018-09-11,143.5,487249.4,618764.3,4271.4,3.83
2018-09-12,147.0,499133.5,1266458.0,8693.1,3.74
2018-09-13,149.5,507622.2,2183149.0,14660.4,3.68
2018-09-14,149.5,507622.2,1318037.0,8820.9,3.68
2018-09-17,147.0,499133.5,1326591.0,9025.4,3.74
2018-09-18,149.0,505924.4,1965423.0,13210.1,3.69
2018-09-19,148.5,504226.7,1102545.0,7381.1,3.7
2018-09-20,149.5,507622.2,585934.3,3936.0,3.68
2018-09-21,149.0,505924.4,1876407.0,12511.6,3.69
2018-09-24,148.0,502528.9,588964.6,3965.6,3.72
2018-09-25,148.5,504226.7,400710.0,2697.5,3.7
2018-09-26,144.5,490644.8,2104317.0,14436.7,3.81
2018-09-27,148.0,502528.9,1200334.0,8188.4,3.72
2018-09-28,149.0,505924.4,642910.7,4337.0,3.69
2018-10-01,147.0,499133.5,588082.3,3979.8,3.74
2018-10-02,146.5,497435.8,551636.2,3766.2,3.75
2018-10-03,146.5,497435.8,297711.7,2035.2,3.75
2018-10-04,144.5,490644.8,850065.3,5881.2,3.81
2018-10-05,143.5,487249.4,446304.5,3097.1,3.83
2018-10-08,143.5,487249.4,527896.5,3667.0,3.83
2018-10-09,141.5,480458.4,1354487.0,9497.4,3.89
2018-10-10,143.5,487249.4,671896.3,4693.1,3.83
2018-10-11,140.5,477063.0,1140469.0,8138.0,3.91
2018-10-12,141.5,480458.4,740069.8,5212.8,3.89
2018-10-15,141.5,480458.4,NA,NA,3.89
2018-10-16,142.0,482157.3,564557.4,3980.3,3.87
2018-10-17,142.0,482157.3,232450.1,1627.4,3.87
2018-10-18,143.0,485552.7,333252.4,2338.3,3.85
2018-10-19,142.0,482157.3,910110.4,6385.4,3.87
2018-10-22,140.5,477064.1,994652.9,7022.3,3.91
2018-10-23,140.5,477064.1,NA,NA,3.91
2018-10-24,136.0,461784.4,1587792.0,11481.8,4.04
2018-10-25,140.0,475366.3,1068747.0,7796.4,3.93
2018-10-26,137.5,466877.6,881748.4,6373.1,4.0
2018-10-29,135.0,458388.9,990891.8,7272.7,4.07
2018-10-30,135.0,458388.9,636136.1,4693.5,4.07
2018-10-31,137.5,466877.6,746274.6,5454.0,4.0
2018-11-01,138.0,468575.4,893465.8,6485.0,3.99
2018-11-02,142.0,482157.3,937748.9,6659.1,3.87
2018-11-05,141.0,478761.8,801762.1,5707.0,3.9
2018-11-06,139.5,473668.6,691625.3,4937.9,3.94
2018-11-07,139.0,471970.8,864821.5,6224.1,3.96
2018-11-08,139.0,471970.8,920780.1,6584.8,3.96
2018-11-09,139.5,473668.6,502727.6,3612.6,3.94
2018-11-12,138.0,468575.4,239049.9,1725.3,3.99
2018-11-13,137.0,465179.9,882041.8,6402.2,4.01
2018-11-14,137.5,466877.6,557058.3,4049.8,4.0
2018-11-15,137.5,466877.6,566050.4,4111.4,4.0
2018-11-16,138.0,468575.4,368077.4,2674.1,3.99
2018-11-19,136.5,463482.1,564400.4,4125.2,4.03
2018-11-20,133.0,451598.0,1497269.0,11228.2,4.14
2018-11-21,134.5,456691.2,871777.0,6533.9,4.09
2018-11-22,133.0,451598.0,351915.3,2636.7,4.14
2018-11-23,135.0,458388.9,424175.0,3165.3,4.07
2018-11-26,138.0,468575.4,503048.0,3679.8,3.99
2018-11-27,137.5,466877.6,608209.4,4420.0,4.0
2018-11-28,137.5,466877.6,376568.8,2742.9,4.0
2018-11-29,136.5,463482.1,544129.6,3971.5,4.03
2018-11-30,139.0,471970.8,796199.6,5738.1,3.96
2018-12-03,141.5,480459.5,1018383.0,7186.1,3.89
2018-12-04,142.0,482157.3,636549.6,4473.2,3.87
2018-12-05,142.0,482157.3,NA,NA,3.87
2018-12-06,139.5,473668.6,779923.4,5590.1,3.94
2018-12-07,139.0,471970.8,633102.9,4534.0,3.96
2018-12-10,139.0,471970.8,NA,NA,3.96
2018-12-11,139.5,473668.6,589300.2,4225.5,3.94
2018-12-12,140.5,477064.1,596447.6,4242.4,3.91
2018-12-13,142.5,483855.0,1306989.0,9199.1,3.86
2018-12-14,138.5,470273.1,926183.2,6628.7,3.97
2018-12-17,135.0,458388.9,1525424.0,11243.4,4.07
2018-12-18,136.5,463482.1,943480.4,6913.1,4.03
2018-12-19,138.5,470273.1,710910.9,5162.6,3.97
2018-12-20,138.0,468575.4,557194.8,4071.0,3.99
2018-12-21,137.5,466877.6,897604.8,6557.6,4.0
2018-12-24,135.0,458388.9,562156.1,4145.0,4.07
2018-12-25,132.0,448202.5,656852.9,4957.9,4.17
2018-12-26,132.0,448202.5,524776.3,3966.9,4.17
2018-12-27,133.0,451598.0,753985.2,5632.5,4.14
2018-12-28,133.5,453295.8,455729.4,3417.5,4.12
2018-12-31,133.5,453295.8,NA,NA,4.12
2019-01-01,133.5,453295.8,NA,NA,4.12
2019-01-02,134.5,456691.2,495073.8,3669.9,4.09
2019-01-03,135.0,458388.9,700095.9,5199.4,4.07
2019-01-04,133.0,451598.0,1344671.0,10184.0,4.14
2019-01-07,135.0,458388.9,755083.1,5609.5,4.07
2019-01-08,134.5,456691.2,350185.8,2599.1,4.09
2019-01-09,135.5,460086.6,655798.0,4837.9,4.06
2019-01-10,136.0,461784.4,694759.1,5137.6,4.04
2019-01-11,133.5,453295.8,1275862.0,9598.6,4.12
2019-01-14,134.0,454993.4,702958.4,5262.4,4.1
2019-01-15,134.0,454993.4,774002.5,5768.2,4.1
2019-01-16,136.0,461784.4,1287608.0,9489.9,4.04
2019-01-17,136.5,463482.1,862605.3,6327.7,4.03
2019-01-18,128.5,436322.3,4386854.0,33876.5,4.28
2019-01-21,128.5,436322.3,1687590.0,13111.3,4.28
2019-01-22,127.0,431229.0,2183992.0,17297.3,4.33
2019-01-23,129.5,439717.8,2327902.0,18011.1,4.25
2019-01-24,130.0,441415.6,1226059.0,9479.4,4.23
2019-01-25,130.5,443113.3,1751775.0,13383.9,4.21
2019-01-28,128.5,436322.3,1420129.0,11020.3,4.28
2019-01-29,130.0,441415.6,908843.8,6993.8,4.23
2019-01-30,131.0,444811.1,563357.9,4312.2,4.2
2019-01-31,133.0,451602.1,1848529.0,13918.7,4.14
2019-02-01,133.0,451602.1,945637.1,7071.6,4.14
2019-02-04,132.5,449904.3,763914.7,5760.7,4.15
2019-02-05,132.5,449904.3,225076.5,1697.0,4.15
2019-02-06,135.0,458393.1,1206993.0,8963.3,4.07
2019-02-07,135.0,458393.1,1031766.0,7615.0,4.07
2019-02-08,134.0,454997.6,1276268.0,9516.3,4.1
2019-02-11,133.0,451602.1,850969.6,6374.6,4.14
2019-02-12,134.0,454997.6,515870.8,3837.8,4.1
2019-02-13,134.0,454997.6,338135.3,2516.7,4.1
2019-02-14,133.5,453299.8,690199.8,5161.6,4.12
2019-02-15,133.0,451602.1,803264.8,6018.0,4.14
2019-02-18,132.5,449904.3,450640.5,3393.2,4.15
2019-02-19,132.5,449904.3,NA,NA,4.15
2019-02-20,134.0,454997.6,878284.6,6604.8,4.1
2019-02-21,133.5,453299.8,605588.0,4531.7,4.12
2019-02-22,135.0,458393.1,961381.2,7152.7,4.07
2019-02-25,135.5,460090.8,1411559.0,10383.0,4.06
2019-02-26,136.0,461788.6,977124.1,7190.2,4.04
2019-02-27,135.5,460090.8,573748.8,4225.5,4.06
2019-02-28,134.0,454997.6,635585.5,4724.9,4.1
2019-03-01,133.0,451602.1,883603.5,6630.0,4.14
2019-03-04,132.5,449904.3,528433.8,3972.1,4.15
2019-03-05,132.5,449904.3,668277.7,5041.1,4.15
2019-03-06,131.5,446508.8,684386.8,5193.1,4.18
2019-03-07,131.0,444811.1,1014078.0,7712.1,4.2
2019-03-08,131.0,444811.1,787294.9,5992.3,4.2
2019-03-11,130.5,443113.3,505714.3,3856.5,4.21
2019-03-12,130.0,441415.6,948777.8,7265.8,4.23
2019-03-13,130.0,441415.6,854568.9,6572.5,4.23
2019-03-14,130.0,441415.6,831065.0,6379.3,4.23
2019-03-15,130.5,443113.3,905576.8,6944.6,4.21
2019-03-18,131.0,444811.1,722446.8,5533.4,4.2
2019-03-19,132.0,448206.6,632388.1,4807.7,4.17
2019-03-20,131.0,444811.1,521852.8,3968.6,4.2
2019-03-21,131.0,444811.1,929791.2,7102.6,4.2
2019-03-22,135.0,458393.1,2420239.0,18118.5,4.07
2019-03-25,133.0,451602.1,1257187.0,9450.9,4.14
2019-03-26,133.5,453299.8,777658.7,5840.6,4.12
2019-03-27,133.0,451602.1,845469.8,6339.8,4.14
2019-03-28,133.0,451602.1,918374.1,6916.4,4.14
2019-03-29,132.0,448206.6,1176590.0,8885.5,4.17
2019-04-01,130.0,441415.6,2092911.0,15998.7,4.23
2019-04-02,130.5,443113.3,1145687.0,8736.4,4.21
2019-04-03,130.5,443113.3,712401.8,5459.6,4.21
2019-04-04,129.5,439717.8,1435122.0,11064.9,4.25
2019-04-05,130.5,443113.3,737899.9,5671.0,4.21
2019-04-08,130.5,443113.3,NA,NA,4.21
2019-04-09,131.0,444811.1,977069.8,7452.9,4.2
2019-04-10,131.5,446508.8,1136344.0,8648.5,4.18
2019-04-11,131.5,446508.8,1210644.0,9206.7,4.18
2019-04-12,129.0,438020.1,1159588.0,9026.3,4.26
2019-04-15,129.0,438020.1,NA,NA,4.26
2019-04-16,129.0,438020.1,NA,NA,4.26
2019-04-17,129.5,439717.8,764616.0,5901.3,4.25
2019-04-18,128.0,434626.9,1362688.0,10632.3,4.3
2019-04-19,129.0,438022.4,1562249.0,12093.5,4.26
2019-04-22,128.5,436324.6,819091.7,6356.6,4.28
2019-04-23,129.0,438022.4,808173.8,6260.3,4.26
2019-04-24,129.5,439720.1,993919.2,7699.0,4.25
2019-04-25,130.0,441417.9,1137927.0,8752.1,4.23
2019-04-26,130.0,441417.9,614524.7,4727.1,4.23
2019-04-29,129.5,439720.1,612030.8,4717.2,4.25
2019-04-30,131.0,444813.4,767317.9,5887.9,4.2
2019-05-01,131.0,444813.4,NA,NA,4.2
2019-05-02,131.5,446511.1,849837.8,6490.8,4.18
2019-05-03,130.5,443115.6,515762.1,3946.3,4.21
2019-05-06,130.5,443115.6,NA,NA,4.21
2019-05-07,129.0,438022.4,834161.2,6448.5,4.26
2019-05-08,128.0,434626.9,613360.5,4776.2,4.3
2019-05-09,127.5,432929.1,746368.4,5829.1,4.31
2019-05-10,127.5,432929.1,514448.9,4023.5,4.31
2019-05-13,126.0,427835.8,910548.4,7177.4,4.37
2019-05-14,126.0,427835.8,744118.0,5899.0,4.37
2019-05-15,123.5,419347.0,1635743.0,13100.1,4.45
2019-05-16,122.0,414253.8,1943830.0,15806.7,4.51
2019-05-17,121.0,410858.2,1731239.0,14203.6,4.55
2019-05-20,121.0,410858.2,NA,NA,4.55
2019-05-21,123.5,419347.0,1686973.0,13713.8,4.45
2019-05-22,127.0,431231.3,1707564.0,13582.0,4.33
2019-05-23,127.5,432929.1,1722634.0,13570.6,4.31
2019-05-24,127.5,432929.1,1385125.0,10879.2,4.31
2019-05-27,127.5,432929.1,1553023.0,12153.5,4.31
2019-05-28,127.5,432929.1,12703010.0,99615.1,4.31
2019-05-29,128.5,436324.6,1792369.0,13919.6,4.28
2019-05-30,128.5,436324.6,1068813.0,8290.2,4.28
2019-05-31,129.5,439720.1,806873.1,6246.8,4.25
2019-06-03,129.5,439720.1,NA,NA,4.25
2019-06-04,131.0,444813.4,1341202.0,10323.2,4.2
2019-06-05,132.5,449906.7,1821849.0,13766.5,4.15
2019-06-06,132.5,449906.7,1168329.0,8844.0,4.15
2019-06-07,131.0,444813.4,875511.4,6677.4,4.2
2019-06-10,132.0,448208.9,809297.7,6137.0,4.17
2019-06-11,132.0,448208.9,891714.8,6740.5,4.17
2019-06-12,134.0,455000.0,2030807.0,15210.3,4.1
2019-06-13,134.5,456697.8,1410602.0,10510.9,4.09
2019-06-14,133.5,453302.2,829993.5,6197.9,4.12
2019-06-17,132.5,449906.7,648821.3,4865.9,4.15
2019-06-18,133.5,453302.2,1044953.0,7891.7,4.12
2019-06-19,135.0,458395.5,2097376.0,15527.4,4.07
2019-06-20,135.0,458395.5,954873.0,7038.6,4.07
2019-06-21,135.0,458395.5,1496930.0,11061.6,4.07
2019-06-24,134.0,455000.0,711204.6,5295.5,4.1
2019-06-25,134.5,456697.8,847735.9,6298.0,4.09
2019-06-26,137.0,465186.6,2266248.0,16584.7,4.01
2019-06-27,137.0,465186.6,1069892.0,7822.3,4.01
2019-06-28,139.5,473675.3,2144236.0,15453.4,3.94
2019-07-01,141.0,478768.6,6982581.0,48679.0,3.9
2019-07-02,141.0,478768.6,2619601.0,18663.2,3.9
2019-07-03,141.5,480466.4,1618556.0,11401.4,3.89
2019-07-04,139.0,471977.6,2010336.0,14360.8,3.96
2019-07-05,138.5,470279.8,1053547.0,7606.0,3.97
2019-07-08,139.0,471977.6,1064702.0,7665.1,3.96
2019-07-09,138.5,470279.8,1218918.0,8840.5,3.97
2019-07-10,139.0,471977.6,967267.3,6966.7,3.96
2019-07-11,138.5,470279.8,919007.9,6602.5,3.97
2019-07-12,137.5,466884.3,1324183.0,9605.0,4.0
2019-07-15,138.5,470279.8,542709.8,3917.3,3.97
2019-07-16,138.5,470279.8,NA,NA,3.97
2019-07-17,138.5,470283.4,915358.6,6591.6,3.97
2019-07-18,139.5,473678.9,729462.8,5253.7,3.94
2019-07-19,141.5,480470.0,1607752.0,11364.3,3.89
2019-07-22,141.0,478772.3,829343.4,5898.4,3.9
2019-07-23,141.5,480470.0,811866.4,5746.9,3.89
2019-07-24,138.5,470283.4,931208.6,6666.0,3.97
2019-07-25,139.5,473678.9,490241.6,3516.3,3.94
2019-07-26,136.0,461794.5,1310229.0,9535.2,4.04
2019-07-29,136.0,461794.5,NA,NA,4.04
2019-07-30,134.5,456701.2,1250509.0,9266.3,4.09
2019-07-31,137.5,466887.8,1764670.0,12856.9,4.0
2019-08-01,138.0,468585.6,1014930.0,7368.9,3.99
2019-08-02,138.5,470283.4,1595221.0,11593.2,3.97
2019-08-05,134.5,456701.2,1335098.0,9840.5,4.09
2019-08-06,133.5,453305.6,1246410.0,9349.3,4.12
2019-08-07,131.5,446514.5,2794330.0,21108.7,4.18
2019-08-08,132.0,448212.3,849161.3,6449.1,4.17
2019-08-09,130.5,443119.0,1077035.0,8188.4,4.21
2019-08-12,130.5,443119.0,NA,NA,4.21
2019-08-13,128.5,436327.9,1018739.0,7860.0,4.28
2019-08-14,123.5,419350.1,2429340.0,19395.1,4.45
2019-08-15,120.5,409163.5,3572296.0,29467.4,4.56
2019-08-16,124.0,421047.9,2172081.0,17647.5,4.44
2019-08-19,127.0,431234.6,1672512.0,13200.1,4.33
2019-08-20,124.0,421047.9,1257491.0,10056.9,4.44
2019-08-21,123.5,419350.1,1142811.0,9216.0,4.45
2019-08-22,123.5,419350.1,992817.8,8064.2,4.45
2019-08-23,125.0,424443.4,589793.0,4722.9,4.4
2019-08-26,123.5,419350.1,833717.6,6774.7,4.45
2019-08-27,122.0,414256.8,978666.6,7988.4,4.51
2019-08-28,120.5,409163.5,565463.8,4667.0,4.56
2019-08-29,122.0,414256.8,740006.4,6084.8,4.51
2019-08-30,123.5,419350.1,1085239.0,8798.9,4.45
2019-09-02,122.0,414256.8,759589.8,6196.3,4.51
2019-09-03,119.0,404070.2,1678982.0,14013.9,4.62
2019-09-04,116.5,395581.3,2282500.0,19396.3,4.72
2019-09-05,116.5,395581.3,1637840.0,14031.4,4.72
2019-09-06,116.0,393883.6,2273333.0,19424.9,4.74
2019-09-09,115.5,392185.8,1692996.0,14630.7,4.76
2019-09-10,117.0,397279.1,2952170.0,25213.2,4.7
2019-09-11,123.0,417652.4,4424210.0,36709.1,4.47
2019-09-12,123.5,419350.1,3028716.0,24246.3,4.45
2019-09-13,125.0,424443.4,1622926.0,13090.1,4.4
2019-09-16,121.5,412559.1,1339579.0,10966.7,4.53
2019-09-17,120.5,409163.5,1495370.0,12358.1,4.56
2019-09-18,120.5,409163.5,1335768.0,11000.6,4.56
2019-09-19,119.5,405767.9,1735134.0,14490.3,4.6
2019-09-20,118.5,402372.4,1420389.0,11976.2,4.64
2019-09-23,117.5,398976.9,769452.1,6537.8,4.68
2019-09-24,119.0,404070.2,752035.4,6349.8,4.62
2019-09-25,119.0,404070.2,890055.1,7490.3,4.62
2019-09-26,119.5,405767.9,977386.9,8196.4,4.6
2019-09-27,120.0,407465.8,1015254.0,8489.7,4.58
2019-09-30,118.0,400674.6,1216013.0,10232.7,4.66
2019-10-01,117.5,398976.9,1026055.0,8741.6,4.68
2019-10-02,115.0,390488.0,1613004.0,13956.6,4.78
2019-10-03,115.5,392185.8,650452.0,5641.9,4.76
2019-10-04,114.0,387092.4,1389740.0,12165.8,4.82
2019-10-07,115.5,392185.8,676705.0,5856.0,4.76
2019-10-08,117.0,397279.1,652280.3,5590.9,4.7
2019-10-09,115.5,392185.8,946971.6,8205.5,4.76
2019-10-10,114.5,388790.2,555385.8,4852.8,4.8
2019-10-11,115.0,390488.0,521227.6,4533.5,4.78
2019-10-14,115.0,390488.0,NA,NA,4.78
2019-10-15,115.5,392189.3,441743.2,3811.3,4.76
2019-10-16,117.0,397282.7,864215.5,7354.7,4.7
2019-10-17,116.5,395584.9,494320.3,4230.1,4.72
2019-10-18,116.5,395584.9,1032085.0,8888.1,4.72
2019-10-21,113.0,383700.4,1763375.0,15542.3,4.87
2019-10-22,114.0,387095.9,371740.8,3260.6,4.82
2019-10-23,114.0,387095.9,NA,NA,4.82
2019-10-24,106.5,361629.1,3570234.0,32620.4,5.16
2019-10-25,108.5,368420.3,2258998.0,20759.9,5.07
2019-10-28,110.5,375211.4,725186.4,6615.8,4.98
2019-10-29,109.0,370118.1,1116436.0,10182.1,5.05
2019-10-30,111.5,378607.0,1731594.0,15587.8,4.93
2019-10-31,112.0,380304.8,1985651.0,17546.3,4.91
2019-11-01,112.0,380304.8,1199122.0,10585.8,4.91
2019-11-04,115.0,390491.5,805255.9,7044.2,4.78
2019-11-05,116.5,395584.9,979602.7,8450.1,4.72
2019-11-06,117.0,397282.7,1559450.0,13371.7,4.7
2019-11-07,119.0,404073.9,1503346.0,12852.0,4.62
2019-11-08,118.5,402376.1,1077226.0,9081.6,4.64
2019-11-11,115.5,392189.3,1294928.0,11136.5,4.76
2019-11-12,118.0,400678.3,798893.8,6788.9,4.66
2019-11-13,118.0,400678.3,669300.9,5693.4,4.66
2019-11-14,117.0,397282.7,775214.4,6635.2,4.7
2019-11-15,117.5,398980.5,511960.0,4361.5,4.68
2019-11-18,117.0,397282.7,1480773.0,12819.7,4.7
2019-11-19,116.0,393887.1,741577.4,6377.6,4.74
2019-11-20,116.0,393887.1,659707.4,5673.0,4.74
2019-11-21,117.0,397282.7,565202.1,4853.2,4.7
2019-11-22,118.0,400678.3,1339033.0,11289.3,4.66
2019-11-25,120.5,409167.2,987207.3,8222.9,4.56
2019-11-26,118.0,400678.3,1028356.0,8642.6,4.66
2019-11-27,120.5,409167.2,790407.5,6599.7,4.56
2019-11-28,121.5,412562.8,929597.9,7664.3,4.53
2019-11-29,121.0,410865.0,744119.0,6157.9,4.55
2019-12-02,120.0,407469.4,778310.9,6514.4,4.58
2019-12-03,120.0,407469.4,628110.3,5223.2,4.58
2019-12-04,118.0,400678.3,1091860.0,9240.1,4.66
2019-12-05,118.0,400678.3,NA,NA,4.66
2019-12-06,117.5,398980.5,914949.1,7788.2,4.68
2019-12-09,118.0,400678.3,501099.7,4268.4,4.66
2019-12-10,118.0,400678.3,NA,NA,4.66
2019-12-11,117.5,398980.5,944351.9,8087.0,4.68
2019-12-12,118.5,402376.1,1336668.0,11329.3,4.64
2019-12-13,121.0,410865.0,1340552.0,11126.6,4.55
2019-12-16,118.0,400678.3,504367.6,4231.7,4.66
2019-12-17,120.5,409167.2,1061956.0,8861.1,4.56
2019-12-18,121.5,412562.8,1154690.0,9510.2,4.53
2019-12-19,122.5,415958.4,1128313.0,9260.8,4.49
2019-12-20,120.0,407469.4,1289452.0,10709.8,4.58
2019-12-23,119.0,404073.9,974324.4,8164.7,4.62
2019-12-24,118.5,402376.1,1040197.0,8809.8,4.64
2019-12-25,119.5,405771.6,457841.1,3841.8,4.6
2019-12-26,119.0,404073.9,630049.9,5295.4,4.62
2019-12-27,119.5,405771.6,667488.9,5586.6,4.6
2019-12-30,122.0,414260.6,964209.3,7956.2,4.51
2019-12-31,122.0,414260.6,NA,NA,4.51
