Date,High,Low,Open,Close,Volume,Adj Close
2014-01-02,30.25,29.75,29.75,29.75,1894300.0,24.682830810546875
2014-01-03,30.25,29.75,30.0,29.75,1533500.0,24.682830810546875
2014-01-06,30.0,29.75,30.0,30.0,1522700.0,24.89025115966797
2014-01-07,30.5,30.0,30.0,30.0,3043500.0,24.89025115966797
2014-01-08,30.25,30.0,30.0,30.0,2235900.0,24.89025115966797
2014-01-09,30.5,30.0,30.25,30.0,575700.0,24.89025115966797
2014-01-10,30.25,30.0,30.0,30.0,452100.0,24.89025115966797
2014-01-13,30.75,30.0,30.0,30.75,1267900.0,25.512508392333984
2014-01-14,31.0,30.25,30.75,31.0,825100.0,25.71992301940918
2014-01-15,33.25,31.25,31.75,32.75,2708400.0,27.171855926513672
2014-01-16,33.75,32.25,32.25,33.0,1737300.0,27.3792781829834
2014-01-17,33.0,31.5,32.75,32.25,1067600.0,26.75701904296875
2014-01-20,33.0,31.75,32.25,32.75,626200.0,27.171855926513672
2014-01-21,32.75,31.75,32.75,32.25,608700.0,26.75701904296875
2014-01-22,32.0,31.5,31.75,31.75,1413600.0,26.342182159423828
2014-01-23,32.0,31.5,31.5,31.75,1123200.0,26.342182159423828
2014-01-24,32.75,32.0,32.25,32.75,1027700.0,27.171855926513672
2014-01-27,33.0,32.25,32.75,32.5,1082700.0,26.964439392089844
2014-01-28,33.0,32.25,32.75,32.75,826400.0,27.171855926513672
2014-01-29,33.5,32.25,33.5,32.5,491500.0,26.964439392089844
2014-01-30,33.0,32.5,32.5,32.5,601700.0,26.964439392089844
2014-01-31,33.0,32.0,32.75,32.75,768600.0,27.171855926513672
2014-02-03,33.5,32.5,32.75,33.5,289300.0,27.794109344482422
2014-02-04,33.75,32.5,33.5,33.0,887100.0,27.3792781829834
2014-02-05,33.75,32.25,33.0,32.75,1647500.0,27.171855926513672
2014-02-06,33.25,32.25,33.0,33.0,1539400.0,27.3792781829834
2014-02-07,33.5,32.75,33.25,33.25,892700.0,27.58669090270996
2014-02-10,33.75,32.5,33.75,32.75,624400.0,27.171855926513672
2014-02-11,33.0,32.5,32.75,33.0,708800.0,27.3792781829834
2014-02-12,33.25,32.75,33.0,33.25,291200.0,27.58669090270996
2014-02-13,33.25,32.75,33.0,33.25,290800.0,27.58669090270996
2014-02-17,33.5,33.0,33.25,33.0,815300.0,27.3792781829834
2014-02-18,33.25,32.75,33.0,33.25,531000.0,27.58669090270996
2014-02-19,33.75,33.0,33.75,33.5,633300.0,27.794109344482422
2014-02-20,33.75,33.25,33.25,33.75,654400.0,28.00153350830078
2014-02-21,34.0,32.75,33.75,33.0,1362500.0,27.3792781829834
2014-02-24,34.0,33.0,33.5,34.0,469100.0,28.208955764770508
2014-02-25,34.0,33.5,34.0,33.5,110300.0,27.794109344482422
2014-02-26,34.0,33.5,33.75,34.0,93600.0,28.208955764770508
2014-02-27,36.25,33.5,33.5,35.25,1143800.0,29.24604606628418
2014-02-28,35.5,34.75,35.5,34.75,1086400.0,28.83121109008789
2014-03-03,35.25,34.5,34.75,35.25,350900.0,29.24604606628418
2014-03-04,35.75,34.75,34.75,35.75,315000.0,29.6608829498291
2014-03-05,36.0,35.75,35.75,35.75,352200.0,29.6608829498291
2014-03-06,36.75,35.5,35.5,36.75,487600.0,30.490556716918945
2014-03-07,36.75,36.25,36.5,36.5,337000.0,30.28313636779785
2014-03-10,36.5,35.25,36.25,36.5,419200.0,30.28313636779785
2014-03-11,36.5,35.75,36.5,35.75,281800.0,29.6608829498291
2014-03-12,36.25,35.5,36.0,35.75,149300.0,29.6608829498291
2014-03-13,36.0,35.75,35.75,35.75,235800.0,29.6608829498291
2014-03-14,36.0,35.75,36.0,36.0,299500.0,29.868301391601562
2014-03-17,36.75,35.75,36.25,36.25,279100.0,30.07571792602539
2014-03-18,36.5,35.25,36.5,35.25,778500.0,29.24604606628418
2014-03-19,35.5,35.0,35.0,35.25,318400.0,29.24604606628418
2014-03-20,35.25,35.0,35.0,35.25,185100.0,29.24604606628418
2014-03-21,35.25,34.5,35.0,34.5,3553600.0,28.623790740966797
2014-03-24,34.5,34.0,34.5,34.25,378900.0,28.416370391845703
2014-03-25,35.5,34.25,34.25,35.5,272200.0,29.453466415405273
2014-03-26,36.0,35.25,35.5,36.0,256700.0,29.868301391601562
2014-03-27,36.0,35.25,36.0,35.5,339500.0,29.453466415405273
2014-03-28,40.25,34.75,35.0,37.25,2327000.0,30.9053897857666
2014-03-31,37.5,37.0,37.5,37.5,999400.0,31.11280632019043
2014-04-01,38.0,37.0,37.75,37.5,1003100.0,31.11280632019043
2014-04-02,38.0,37.25,37.5,38.0,399600.0,31.527650833129883
2014-04-03,38.5,37.5,37.75,38.5,589600.0,31.942489624023438
2014-04-04,39.25,38.25,38.5,38.5,1378000.0,31.942489624023438
2014-04-08,39.0,38.25,38.5,38.5,440300.0,31.942489624023438
2014-04-09,39.5,38.5,38.75,38.75,1066300.0,32.149906158447266
2014-04-10,39.25,38.5,39.0,39.0,328200.0,32.35732650756836
2014-04-11,38.75,38.25,38.75,38.5,161600.0,31.942489624023438
2014-04-16,39.25,38.25,38.75,38.75,374900.0,32.149906158447266
2014-04-17,38.75,38.0,38.5,38.0,1026600.0,31.527650833129883
2014-04-18,37.75,37.5,37.75,37.75,221100.0,31.653427124023438
2014-04-21,37.75,37.0,37.5,37.5,377600.0,31.44379997253418
2014-04-22,38.0,37.5,37.5,37.5,203800.0,31.44379997253418
2014-04-23,37.75,37.5,37.5,37.5,469900.0,31.44379997253418
2014-04-24,37.75,37.25,37.5,37.25,306000.0,31.234176635742188
2014-04-25,38.0,37.25,37.25,38.0,510600.0,31.863056182861328
2014-04-28,38.75,38.0,38.5,38.75,197000.0,32.491920471191406
2014-04-29,38.5,38.0,38.5,38.0,186700.0,31.863056182861328
2014-04-30,38.25,37.75,37.75,37.75,376500.0,31.653427124023438
2014-05-02,37.75,37.25,37.75,37.25,452600.0,31.234176635742188
2014-05-06,37.75,36.25,37.25,37.5,418500.0,31.44379997253418
2014-05-07,38.0,37.25,37.25,38.0,583100.0,31.863056182861328
2014-05-08,37.75,36.75,37.75,37.5,1901200.0,31.44379997253418
2014-05-09,37.75,37.25,37.25,37.75,651100.0,31.653427124023438
2014-05-12,38.0,37.25,37.25,37.75,97600.0,31.653427124023438
2014-05-14,37.75,37.5,37.5,37.5,179300.0,31.44379997253418
2014-05-15,38.0,37.5,38.0,37.75,97300.0,31.653427124023438
2014-05-16,38.0,37.75,37.75,38.0,321100.0,31.863056182861328
2014-05-19,38.0,37.75,37.75,37.75,412800.0,31.653427124023438
2014-05-20,38.0,37.5,37.75,38.0,318000.0,31.863056182861328
2014-05-21,38.25,37.75,38.0,37.75,619700.0,31.653427124023438
2014-05-22,38.25,37.75,37.75,37.75,277500.0,31.653427124023438
2014-05-23,38.0,37.0,37.25,38.0,325000.0,31.863056182861328
2014-05-26,38.0,37.5,38.0,38.0,38800.0,31.863056182861328
2014-05-27,38.25,37.75,38.0,38.25,323500.0,32.07268524169922
2014-05-28,38.25,37.75,38.25,38.0,269500.0,31.863056182861328
2014-05-29,38.5,37.75,38.25,38.25,479400.0,32.07268524169922
2014-05-30,38.5,38.25,38.25,38.5,354700.0,32.28230285644531
2014-06-02,39.5,38.5,38.5,39.5,389500.0,33.12080001831055
2014-06-03,40.25,39.5,40.0,39.75,1065700.0,33.33042526245117
2014-06-04,40.25,39.75,39.75,39.75,329000.0,33.33042526245117
2014-06-05,44.5,40.0,40.0,42.75,1452000.0,35.845924377441406
2014-06-06,43.25,42.25,43.25,43.25,220200.0,36.26518249511719
2014-06-09,44.0,42.5,44.0,43.25,276700.0,36.26518249511719
2014-06-10,44.75,43.0,43.75,44.75,1370800.0,37.5229377746582
2014-06-11,45.0,44.25,45.0,44.75,478400.0,37.5229377746582
2014-06-12,45.25,44.0,44.75,44.0,364600.0,36.8940544128418
2014-06-13,45.25,43.5,44.0,44.0,174600.0,36.8940544128418
2014-06-16,45.0,43.75,44.0,45.0,87000.0,37.73255920410156
2014-06-17,45.25,44.0,45.25,44.0,222200.0,36.8940544128418
2014-06-18,44.75,44.0,44.0,44.25,164000.0,37.103675842285156
2014-06-19,44.5,42.5,43.75,43.5,447300.0,36.47480773925781
2014-06-20,44.0,40.5,44.0,42.0,1766200.0,35.2170524597168
2014-06-23,43.25,42.0,42.0,43.0,142900.0,36.05555725097656
2014-06-24,43.75,42.5,43.5,43.25,153100.0,36.26518249511719
2014-06-25,43.5,42.5,43.25,43.5,131000.0,36.47480773925781
2014-06-26,44.0,43.5,44.0,43.75,171100.0,36.6844367980957
2014-06-27,47.5,43.5,44.0,47.0,1103000.0,39.4095573425293
2014-06-30,48.25,46.5,47.0,46.5,783500.0,38.990318298339844
2014-07-02,46.75,44.25,46.5,45.75,735700.0,38.36143493652344
2014-07-03,46.0,45.0,45.75,45.5,607200.0,38.15180206298828
2014-07-04,46.5,45.5,45.5,46.0,376600.0,38.57106018066406
2014-07-07,46.0,45.5,45.5,46.0,247300.0,38.57106018066406
2014-07-08,47.0,45.5,45.5,47.0,281000.0,39.4095573425293
2014-07-09,47.0,46.25,47.0,46.75,858100.0,39.19994354248047
2014-07-10,47.0,46.0,46.75,46.5,188700.0,38.990318298339844
2014-07-14,47.0,46.25,46.25,47.0,189800.0,39.4095573425293
2014-07-15,47.25,46.75,47.0,47.0,445300.0,39.4095573425293
2014-07-16,47.25,46.5,46.5,47.0,249600.0,39.4095573425293
2014-07-17,47.25,46.75,46.75,47.0,234600.0,39.4095573425293
2014-07-18,47.25,46.75,46.75,47.0,153500.0,39.4095573425293
2014-07-21,47.5,47.0,47.25,47.25,348900.0,39.61918640136719
2014-07-22,47.5,46.75,46.75,47.5,441500.0,39.82880783081055
2014-07-23,49.0,47.25,47.25,49.0,622100.0,41.08656692504883
2014-07-24,49.0,48.0,49.0,48.0,76000.0,40.24806213378906
2014-07-25,48.75,47.25,47.25,48.75,213500.0,40.87693786621094
2014-07-28,49.5,48.0,48.75,49.5,462100.0,41.50581741333008
2014-07-29,50.5,49.0,49.25,50.5,470100.0,42.34431076049805
2014-07-30,52.5,50.0,50.75,52.5,873600.0,44.02132034301758
2014-07-31,53.25,51.25,53.25,51.25,632600.0,42.97319412231445
2014-08-01,52.0,50.0,50.0,51.0,969000.0,42.76356887817383
2014-08-04,51.25,50.0,50.0,50.0,858600.0,41.92506408691406
2014-08-05,50.5,48.5,50.5,48.75,1475800.0,40.87693786621094
2014-08-06,48.75,47.25,48.75,48.0,1730400.0,40.24806213378906
2014-08-07,48.75,47.5,47.5,48.75,178200.0,40.87693786621094
2014-08-08,49.0,47.75,49.0,48.0,271400.0,40.24806213378906
2014-08-13,49.5,48.0,48.5,49.5,425100.0,41.50581741333008
2014-08-14,50.0,49.0,49.5,50.0,296800.0,41.92506408691406
2014-08-15,51.0,49.5,50.5,50.25,541700.0,42.13469314575195
2014-08-18,51.0,50.25,50.25,51.0,220400.0,42.76356887817383
2014-08-19,51.75,50.75,51.25,51.75,375500.0,43.3924446105957
2014-08-20,51.5,50.5,51.5,50.5,329500.0,42.34431076049805
2014-08-21,51.0,50.5,51.0,51.0,187800.0,42.76356887817383
2014-08-22,51.5,50.25,50.25,50.5,215400.0,42.34431076049805
2014-08-25,51.0,50.5,50.5,51.0,142200.0,42.76356887817383
2014-08-26,51.0,50.75,51.0,51.0,82800.0,42.76356887817383
2014-08-27,51.25,50.5,50.75,51.25,247600.0,42.97319412231445
2014-08-28,51.5,50.5,51.5,50.5,274800.0,42.34431076049805
2014-08-29,51.0,49.75,51.0,50.25,954900.0,42.13469314575195
2014-09-01,50.25,49.0,50.0,49.75,949400.0,41.715431213378906
2014-09-02,50.0,49.0,49.25,50.0,472800.0,41.92506408691406
2014-09-03,50.25,49.25,49.25,50.25,508300.0,42.13469314575195
2014-09-04,53.0,50.0,50.25,53.0,991100.0,44.44057083129883
2014-09-05,54.25,51.75,52.25,53.5,1230300.0,44.85982131958008
2014-09-08,53.5,52.5,53.25,52.75,235800.0,44.56414031982422
2014-09-09,53.0,52.25,52.5,52.25,204500.0,44.1417236328125
2014-09-10,52.0,50.5,50.5,51.5,362400.0,43.50811004638672
2014-09-11,52.25,51.5,51.75,51.75,34800.0,43.71931076049805
2014-09-12,51.75,50.5,51.0,51.75,400900.0,43.71931076049805
2014-09-15,52.0,50.75,50.75,51.25,375100.0,43.29690933227539
2014-09-16,51.25,50.5,50.75,50.5,186800.0,42.663299560546875
2014-09-17,50.75,50.25,50.5,50.25,129900.0,42.452091217041016
2014-09-18,50.75,49.5,50.75,49.5,575100.0,41.818477630615234
2014-09-19,50.25,48.75,50.25,49.5,1898900.0,41.818477630615234
2014-09-22,49.75,49.0,49.0,49.5,213200.0,41.818477630615234
2014-09-23,49.75,49.25,49.75,49.25,252500.0,41.60727310180664
2014-09-24,49.75,49.0,49.0,49.5,383200.0,41.818477630615234
2014-09-25,50.0,49.5,49.5,49.5,383500.0,41.818477630615234
2014-09-26,50.0,49.25,49.5,50.0,264300.0,42.240882873535156
2014-09-29,49.75,49.0,49.25,49.25,545700.0,41.60727310180664
2014-09-30,49.75,48.75,49.0,48.75,202900.0,41.18486404418945
2014-10-01,49.25,48.5,48.75,48.75,118400.0,41.18486404418945
2014-10-02,49.25,48.25,48.75,49.25,149600.0,41.60727310180664
2014-10-03,49.0,48.25,48.5,49.0,188700.0,41.39606857299805
2014-10-06,50.0,48.5,49.0,50.0,541400.0,42.240882873535156
2014-10-07,50.0,47.5,50.0,48.25,445300.0,40.76245880126953
2014-10-08,48.75,47.25,48.0,48.25,546900.0,40.76245880126953
2014-10-09,49.5,47.0,48.5,47.0,1271700.0,39.7064323425293
2014-10-10,47.5,46.75,47.0,47.5,1117900.0,40.12884521484375
2014-10-13,47.75,47.0,47.0,47.5,46100.0,40.12884521484375
2014-10-14,47.75,47.0,47.25,47.0,211600.0,39.7064323425293
2014-10-15,47.5,46.75,47.0,47.0,137900.0,39.7064323425293
2014-10-16,47.0,45.5,46.5,45.5,390200.0,38.439205169677734
2014-10-17,46.0,43.0,46.0,44.75,483600.0,37.80559539794922
2014-10-20,45.5,44.5,45.5,44.75,221800.0,37.80559539794922
2014-10-21,45.0,44.5,44.75,44.75,70700.0,37.80559539794922
2014-10-22,45.25,43.75,45.0,45.25,528600.0,38.22800827026367
2014-10-24,45.25,44.75,44.75,45.25,54300.0,38.22800827026367
2014-10-27,45.75,45.0,45.75,45.75,238600.0,38.65040969848633
2014-10-28,46.0,45.5,45.5,46.0,41100.0,38.86161422729492
2014-10-29,47.5,46.0,46.25,47.0,87200.0,39.7064323425293
2014-10-30,47.25,46.5,47.0,46.5,115000.0,39.28402328491211
2014-10-31,47.75,47.0,47.0,47.75,186400.0,40.340049743652344
2014-11-03,48.5,47.75,48.0,48.0,550300.0,40.55125427246094
2014-11-04,49.25,48.0,48.5,48.75,536000.0,41.18486404418945
2014-11-05,50.0,48.25,49.0,49.5,435400.0,41.818477630615234
2014-11-06,50.0,49.0,50.0,49.0,182200.0,41.39606857299805
2014-11-07,49.75,49.0,49.75,49.5,607600.0,41.818477630615234
2014-11-10,49.75,48.5,49.75,48.5,122200.0,40.97365951538086
2014-11-11,48.75,48.0,48.5,48.5,187500.0,40.97365951538086
2014-11-12,48.5,47.5,48.25,47.75,304100.0,40.340049743652344
2014-11-13,47.75,46.75,47.25,47.75,403700.0,40.340049743652344
2014-11-14,48.75,47.75,48.75,47.75,337800.0,40.340049743652344
2014-11-17,48.75,47.25,48.75,48.0,213100.0,40.55125427246094
2014-11-18,50.25,47.5,48.5,49.75,2282700.0,42.0296745300293
2014-11-19,50.0,49.0,50.0,49.25,536600.0,41.60727310180664
2014-11-20,49.5,48.25,49.5,48.25,238800.0,40.76245880126953
2014-11-21,47.75,46.5,47.5,46.75,1063600.0,39.49523162841797
2014-11-24,47.5,46.75,47.25,46.75,367800.0,39.49523162841797
2014-11-25,47.0,46.5,46.75,46.75,504700.0,39.49523162841797
2014-11-26,47.5,46.5,46.5,47.5,586200.0,40.12884521484375
2014-11-27,47.25,47.0,47.0,47.25,404900.0,39.91763687133789
2014-11-28,48.0,47.0,47.25,47.0,801400.0,39.7064323425293
2014-12-01,48.5,46.75,46.75,47.5,1016100.0,40.12884521484375
2014-12-02,47.5,47.0,47.25,47.25,361100.0,39.91763687133789
2014-12-03,47.5,46.5,47.25,46.75,558100.0,39.49523162841797
2014-12-04,47.25,46.5,46.75,46.75,457800.0,39.49523162841797
2014-12-08,47.0,45.5,47.0,46.25,569000.0,39.07281494140625
2014-12-09,46.25,44.75,46.0,45.25,1293000.0,38.22800827026367
2014-12-11,46.75,42.0,45.25,44.25,1247800.0,37.3831787109375
2014-12-12,45.0,41.75,44.25,43.5,1134100.0,36.74956512451172
2014-12-15,44.0,39.0,42.5,43.0,1349500.0,36.3271598815918
2014-12-16,42.0,39.75,41.25,42.0,1112600.0,35.48234939575195
2014-12-17,43.0,41.5,41.5,42.5,544500.0,35.90475845336914
2014-12-18,44.0,42.5,42.5,44.0,416000.0,37.17198181152344
2014-12-19,44.0,43.0,44.0,44.0,420800.0,37.17198181152344
2014-12-22,45.0,44.0,44.25,44.75,235200.0,37.80559539794922
2014-12-23,45.25,44.25,45.25,45.0,442100.0,38.01679611206055
2014-12-24,45.0,44.5,45.0,44.75,30800.0,37.80559539794922
2014-12-25,45.0,44.25,45.0,44.75,160800.0,37.80559539794922
2014-12-26,44.75,43.75,44.5,44.75,129900.0,37.80559539794922
2014-12-29,45.5,42.0,45.25,44.5,608800.0,37.59438705444336
2014-12-30,44.75,43.5,44.0,44.75,394300.0,37.80559539794922
2015-01-05,44.5,42.5,44.5,42.5,301100.0,35.90475845336914
2015-01-06,42.5,41.75,42.5,42.25,367100.0,35.69355010986328
2015-01-07,44.0,42.75,43.0,44.0,363800.0,37.17198181152344
2015-01-08,45.0,44.5,44.5,44.75,610200.0,37.80559539794922
2015-01-09,50.0,46.25,46.5,50.0,4712100.0,42.240882873535156
2015-01-12,55.5,49.0,50.0,55.5,5007400.0,46.88739013671875
2015-01-13,59.5,53.25,55.0,59.5,3283500.0,50.266658782958984
2015-01-14,68.0,59.0,60.25,61.25,5897100.0,51.745086669921875
2015-01-15,59.5,55.25,57.75,57.5,8705000.0,48.577022552490234
2015-01-16,58.25,55.5,57.0,56.5,1249000.0,47.73219680786133
2015-01-19,62.0,58.5,59.0,62.0,1765900.0,52.37870407104492
2015-01-20,65.0,61.25,63.5,62.75,1423900.0,53.01231002807617
2015-01-21,64.25,62.25,62.25,64.0,1368500.0,54.068336486816406
2015-01-22,69.75,65.0,65.0,69.75,3417700.0,58.92603302001953
2015-01-23,90.5,72.5,72.75,90.5,11536500.0,76.45601654052734
2015-01-26,104.0,78.0,95.0,78.0,19048300.0,65.89578247070312
2015-01-27,85.5,72.25,75.25,72.25,15305800.0,61.0380744934082
2015-01-28,77.75,72.5,73.25,75.75,12638400.0,63.99495315551758
2015-01-29,77.5,67.75,76.25,70.0,8652000.0,59.13724136352539
2015-01-30,71.5,68.0,71.25,68.25,3358500.0,57.658817291259766
2015-02-02,68.75,66.25,68.0,67.0,3140200.0,56.602783203125
2015-02-03,70.25,67.5,67.75,69.75,3954500.0,58.92603302001953
2015-02-04,71.5,67.25,71.0,67.25,3555700.0,56.81399154663086
2015-02-05,69.75,67.5,67.5,69.75,3298100.0,58.92603302001953
2015-02-06,70.0,68.75,70.0,69.5,1205200.0,58.71482467651367
2015-02-09,70.0,68.0,69.25,68.0,1597800.0,57.447608947753906
2015-02-10,68.5,67.25,68.5,67.25,1539100.0,56.81399154663086
2015-02-11,68.75,66.5,67.75,68.0,2017100.0,57.447608947753906
2015-02-12,68.75,67.25,68.25,68.75,1413900.0,58.08121109008789
2015-02-13,69.5,68.25,68.75,68.25,942900.0,57.658817291259766
2015-02-16,68.5,67.25,68.25,67.25,807100.0,56.81399154663086
2015-02-17,67.25,66.0,67.0,66.0,1204600.0,55.75796890258789
2015-02-18,67.75,66.0,66.25,67.75,891600.0,57.23640823364258
2015-02-19,68.0,66.5,66.5,66.5,788500.0,56.18037796020508
2015-02-20,67.5,66.25,66.5,66.5,352600.0,56.18037796020508
2015-02-23,67.5,64.5,67.5,64.5,1863400.0,54.49074172973633
2015-02-24,65.0,63.5,64.75,63.5,1243700.0,53.64592742919922
2015-02-25,64.5,63.5,63.5,64.5,470300.0,54.49074172973633
2015-02-26,65.5,62.25,65.0,65.5,1383200.0,55.3355598449707
2015-02-27,65.0,62.0,64.75,62.0,1597300.0,52.37870407104492
2015-03-02,62.25,60.25,62.0,60.25,1238000.0,50.9002685546875
2015-03-03,58.75,55.5,58.5,55.5,3758100.0,46.88739013671875
2015-03-05,53.0,51.25,52.5,51.75,9092700.0,43.71931076049805
2015-03-06,52.75,51.25,52.0,52.0,2691400.0,43.930519104003906
2015-03-09,57.5,51.5,51.75,56.25,9832300.0,47.520999908447266
2015-03-10,57.5,52.0,57.0,52.0,3367900.0,43.930519104003906
2015-03-11,55.25,51.75,52.0,54.75,2808200.0,46.25377655029297
2015-03-12,55.0,53.5,54.5,55.0,1382400.0,46.46497344970703
2015-03-13,55.5,53.5,55.25,53.5,854000.0,45.197750091552734
2015-03-16,53.5,52.25,53.25,53.0,842400.0,44.77534103393555
2015-03-17,53.5,51.75,53.5,51.75,723800.0,43.71931076049805
2015-03-18,52.0,50.5,52.0,50.75,2908200.0,42.87450408935547
2015-03-19,51.25,48.25,51.25,48.25,4763300.0,40.76245880126953
2015-03-20,47.5,45.0,47.25,46.25,42566800.0,39.07281494140625
2015-03-23,47.5,45.75,47.0,45.75,3760800.0,38.65040969848633
2015-03-24,46.25,43.0,46.0,44.25,5648700.0,37.3831787109375
2015-03-25,45.5,44.0,44.75,44.5,4613600.0,37.59438705444336
2015-03-26,44.5,42.75,44.25,42.75,5465900.0,36.1159553527832
2015-03-27,44.0,42.25,42.75,43.25,3295000.0,36.53836441040039
2015-03-30,43.75,40.75,43.25,41.75,7731600.0,35.27114486694336
2015-03-31,42.25,41.0,42.0,41.25,3851900.0,34.848731994628906
2015-04-01,43.75,41.0,41.25,43.5,6315600.0,36.74956512451172
2015-04-02,43.75,42.5,43.5,42.75,3284000.0,36.1159553527832
2015-04-03,43.75,42.5,42.75,43.75,2259300.0,36.960777282714844
2015-04-07,45.0,43.5,43.75,44.5,3688300.0,37.59438705444336
2015-04-08,44.75,43.25,44.5,43.25,2932600.0,36.53836441040039
2015-04-09,44.5,43.25,43.5,44.0,1533700.0,37.17198181152344
2015-04-10,44.25,43.25,44.0,44.0,1208100.0,37.17198181152344
2015-04-16,44.0,43.0,44.0,43.75,2069200.0,36.960777282714844
2015-04-17,44.5,43.5,44.0,43.5,1810300.0,36.74956512451172
2015-04-20,44.0,43.25,44.0,43.75,854800.0,36.960777282714844
2015-04-21,43.75,43.0,43.75,43.25,1367900.0,36.53836441040039
2015-04-22,43.75,42.5,43.75,42.75,2609800.0,36.1159553527832
2015-04-23,43.0,42.0,42.75,42.0,1923500.0,35.48234939575195
2015-04-24,42.25,41.5,42.0,42.0,1094500.0,35.48234939575195
2015-04-27,42.25,41.0,42.25,41.25,2326400.0,34.848731994628906
2015-04-28,41.75,40.75,41.5,40.75,1722600.0,34.426326751708984
2015-04-29,40.5,39.75,40.25,40.5,1638500.0,34.55430221557617
2015-04-30,41.0,40.25,40.25,40.25,1137000.0,34.34100341796875
2015-05-04,40.25,40.25,40.25,40.25,0.0,34.34100341796875
2015-05-06,40.25,38.75,40.0,39.5,1549700.0,33.701107025146484
2015-05-07,40.0,38.5,39.5,38.5,1949300.0,32.84791564941406
2015-05-08,39.25,38.5,39.0,38.75,1387900.0,33.06121063232422
2015-05-11,39.5,38.0,39.25,38.0,2300000.0,32.421321868896484
2015-05-12,38.5,38.0,38.25,38.5,1250000.0,32.84791564941406
2015-05-13,38.75,38.0,38.5,38.75,604800.0,33.06121063232422
2015-05-14,38.75,38.0,38.5,38.5,744600.0,32.84791564941406
2015-05-15,39.25,38.0,38.75,38.75,1329100.0,33.06121063232422
2015-05-18,38.75,38.25,38.5,38.75,435100.0,33.06121063232422
2015-05-19,39.0,38.5,38.75,38.75,965100.0,33.06121063232422
2015-05-20,39.0,38.25,38.75,38.5,947700.0,32.84791564941406
2015-05-21,38.75,38.25,38.5,38.25,557600.0,32.63460922241211
2015-05-22,38.75,38.0,38.25,38.0,1265100.0,32.421321868896484
2015-05-25,38.25,37.25,38.25,37.25,1460700.0,31.781431198120117
2015-05-26,37.75,37.0,37.5,37.25,712900.0,31.781431198120117
2015-05-27,37.25,36.5,37.25,37.0,1491200.0,31.568130493164062
2015-05-28,37.0,36.5,37.0,36.5,824700.0,31.141529083251953
2015-05-29,37.0,36.0,36.75,36.0,2075000.0,30.714937210083008
2015-06-02,36.5,35.0,36.5,35.5,1384400.0,30.288341522216797
2015-06-03,35.75,35.0,35.5,35.0,1446100.0,29.861738204956055
2015-06-04,35.5,34.75,35.25,35.0,1701500.0,29.861738204956055
2015-06-05,35.5,34.75,35.0,35.25,1634300.0,30.075044631958008
2015-06-08,35.75,35.0,35.5,35.25,577000.0,30.075044631958008
2015-06-09,35.5,34.75,35.25,34.75,1262200.0,29.6484432220459
2015-06-10,35.75,34.75,35.0,35.25,2937000.0,30.075044631958008
2015-06-11,36.75,35.0,35.5,36.25,3906900.0,30.928232192993164
2015-06-12,36.5,35.5,36.25,35.5,2363200.0,30.288341522216797
2015-06-15,36.0,35.5,36.0,35.75,1628500.0,30.50163459777832
2015-06-16,36.0,34.75,35.75,35.0,2381100.0,29.861738204956055
2015-06-17,35.0,34.0,35.0,34.25,6927800.0,29.221845626831055
2015-06-18,34.5,33.25,34.25,33.25,4732100.0,28.368654251098633
2015-06-19,34.0,33.25,33.5,33.25,1831300.0,28.368654251098633
2015-06-22,34.25,33.25,33.25,34.25,2455500.0,29.221845626831055
2015-06-23,34.25,33.75,34.25,34.0,1230400.0,29.0085506439209
2015-06-24,35.5,33.75,34.0,35.0,3083100.0,29.861738204956055
2015-06-25,35.0,34.5,34.75,35.0,1099900.0,29.861738204956055
2015-06-26,35.0,34.25,35.0,34.25,1567600.0,29.221845626831055
2015-06-29,34.25,33.75,34.0,34.0,1683400.0,29.0085506439209
2015-06-30,33.75,31.75,33.75,33.25,12287400.0,28.368654251098633
2015-07-02,33.25,32.25,33.25,32.75,2093100.0,27.94205665588379
2015-07-03,33.25,32.25,32.5,32.75,1166300.0,27.94205665588379
2015-07-06,32.75,32.25,32.75,32.25,1108700.0,27.515464782714844
2015-07-07,32.75,32.0,32.5,32.5,1237800.0,27.728759765625
2015-07-08,32.5,32.0,32.5,32.25,1139200.0,27.515464782714844
2015-07-09,32.5,32.0,32.25,32.25,800800.0,27.515464782714844
2015-07-10,33.25,32.25,32.5,32.75,2629200.0,27.94205665588379
2015-07-13,33.5,32.75,33.0,33.0,910500.0,28.15535545349121
2015-07-14,33.25,32.75,33.25,33.0,903600.0,28.15535545349121
2015-07-15,33.25,32.5,33.0,33.0,389500.0,28.15535545349121
2015-07-16,33.0,32.25,33.0,32.5,1771700.0,27.728759765625
2015-07-17,32.75,32.5,32.5,32.75,187900.0,27.94205665588379
2015-07-20,32.75,32.5,32.5,32.5,816800.0,27.728759765625
2015-07-21,32.75,31.75,32.5,32.25,1280300.0,27.515464782714844
2015-07-22,32.75,32.0,32.25,32.5,1491200.0,27.728759765625
2015-07-23,32.75,32.25,32.75,32.5,1285700.0,27.728759765625
2015-07-24,32.5,32.0,32.5,32.5,212600.0,27.728759765625
2015-07-27,32.5,31.5,32.25,32.0,689600.0,27.302162170410156
2015-07-28,32.0,31.25,31.5,31.5,864300.0,26.875566482543945
2015-07-29,31.5,31.0,31.5,31.5,654000.0,26.875566482543945
2015-07-31,32.0,31.25,31.5,31.75,446700.0,27.088865280151367
2015-08-03,32.25,31.75,31.75,31.75,172900.0,27.088865280151367
2015-08-04,31.75,31.25,31.75,31.5,288100.0,26.875566482543945
2015-08-05,31.75,31.25,31.5,31.5,594900.0,26.875566482543945
2015-08-06,31.75,31.25,31.5,31.5,325700.0,26.875566482543945
2015-08-07,31.75,31.25,31.75,31.5,512800.0,26.875566482543945
2015-08-10,32.0,31.25,31.75,31.25,320000.0,26.66227149963379
2015-08-11,31.75,31.25,31.75,31.25,344100.0,26.66227149963379
2015-08-13,31.5,30.75,31.0,31.25,660000.0,26.66227149963379
2015-08-14,31.5,31.0,31.25,31.5,135700.0,26.875566482543945
2015-08-17,31.75,31.25,31.25,31.25,223200.0,26.66227149963379
2015-08-18,31.25,30.25,30.75,30.75,989800.0,26.235673904418945
2015-08-19,31.5,30.5,31.0,31.25,467000.0,26.66227149963379
2015-08-20,31.25,30.5,31.25,31.0,578800.0,26.4489688873291
2015-08-21,31.0,30.5,30.75,30.5,231200.0,26.022375106811523
2015-08-24,30.25,29.5,30.25,29.5,894500.0,25.1691837310791
2015-08-25,30.0,29.25,29.75,29.5,633800.0,25.1691837310791
2015-08-26,30.25,29.5,29.75,29.75,513500.0,25.38248062133789
2015-08-27,30.75,30.0,30.25,30.75,288000.0,26.235673904418945
2015-08-28,31.5,30.75,30.75,30.75,276600.0,26.235673904418945
2015-08-31,31.25,30.5,31.0,30.5,181300.0,26.022375106811523
2015-09-01,31.25,30.5,31.0,30.5,142900.0,26.022375106811523
2015-09-02,31.0,30.5,30.5,30.5,179400.0,26.022375106811523
2015-09-03,30.75,30.25,30.5,30.5,534600.0,26.022375106811523
2015-09-04,31.0,30.25,30.75,30.75,282100.0,26.235673904418945
2015-09-07,31.0,30.5,30.75,30.75,248500.0,26.235673904418945
2015-09-08,30.75,30.25,30.5,30.75,381600.0,26.58144760131836
2015-09-09,31.0,30.5,31.0,31.0,376800.0,26.797555923461914
2015-09-10,31.25,30.5,31.0,31.0,263500.0,26.797555923461914
2015-09-11,31.25,30.75,31.25,30.75,484100.0,26.58144760131836
2015-09-14,31.0,30.5,31.0,30.75,256500.0,26.58144760131836
2015-09-15,31.0,30.5,31.0,31.0,343000.0,26.797555923461914
2015-09-16,31.0,30.75,31.0,31.0,73000.0,26.797555923461914
2015-09-17,31.5,30.75,31.0,31.5,202200.0,27.229774475097656
2015-09-18,32.0,31.0,31.75,31.25,563900.0,27.013668060302734
2015-09-21,31.25,30.5,31.0,31.25,356500.0,27.013668060302734
2015-09-22,31.5,30.75,31.25,31.0,150900.0,26.797555923461914
2015-09-23,31.0,30.75,30.75,31.0,143700.0,26.797555923461914
2015-09-24,31.0,30.5,30.75,30.75,152200.0,26.58144760131836
2015-09-25,31.0,30.5,30.75,30.5,237400.0,26.365337371826172
2015-09-28,30.75,30.25,30.5,30.25,174400.0,26.149229049682617
2015-09-29,30.5,30.0,30.25,30.0,1072100.0,25.93311882019043
2015-09-30,30.5,30.0,30.25,30.25,177100.0,26.149229049682617
2015-10-01,30.25,30.0,30.25,30.0,136900.0,25.93311882019043
2015-10-02,30.25,30.0,30.0,30.0,106300.0,25.93311882019043
2015-10-05,31.0,30.0,30.0,30.5,317000.0,26.365337371826172
2015-10-06,31.0,30.5,30.75,31.0,119600.0,26.797555923461914
2015-10-07,31.25,30.75,31.0,31.0,169700.0,26.797555923461914
2015-10-08,31.25,30.75,31.25,30.75,162700.0,26.58144760131836
2015-10-09,31.5,30.75,30.75,30.75,1031100.0,26.58144760131836
2015-10-12,31.5,30.75,31.0,31.0,1027300.0,26.797555923461914
2015-10-13,31.5,31.0,31.25,31.25,514300.0,27.013668060302734
2015-10-14,36.0,31.25,31.5,35.75,14796100.0,30.90363311767578
2015-10-15,39.5,36.75,37.5,37.5,26994700.0,32.41640090942383
2015-10-16,37.25,34.75,37.0,34.75,11474800.0,30.039196014404297
2015-10-19,36.25,35.0,35.25,35.75,6498400.0,30.90363311767578
2015-10-20,38.0,35.25,35.75,37.0,7394600.0,31.98418426513672
2015-10-21,38.0,36.0,37.5,36.25,6601100.0,31.335851669311523
2015-10-22,36.25,35.5,36.25,35.75,2080300.0,30.90363311767578
2015-10-26,36.75,35.75,36.5,35.75,1162500.0,30.90363311767578
2015-10-27,36.0,35.0,36.0,35.0,1469600.0,30.25530433654785
2015-10-28,35.25,33.75,35.25,34.0,1850400.0,29.390871047973633
2015-10-29,34.75,32.5,34.5,33.0,2172300.0,28.526432037353516
2015-10-30,33.5,32.75,33.0,33.25,469800.0,28.742544174194336
2015-11-02,34.25,33.25,33.25,33.75,411500.0,29.17475700378418
2015-11-03,34.25,33.5,34.0,33.5,427700.0,28.958646774291992
2015-11-04,34.0,33.25,33.75,33.75,430400.0,29.17475700378418
2015-11-05,34.25,33.25,34.0,33.25,741400.0,28.742544174194336
2015-11-06,33.75,33.25,33.25,33.5,505300.0,28.958646774291992
2015-11-09,33.75,32.75,33.5,33.25,475600.0,28.742544174194336
2015-11-10,33.5,32.75,33.25,33.25,387700.0,28.742544174194336
2015-11-11,33.5,33.0,33.25,33.25,345800.0,28.742544174194336
2015-11-12,33.5,33.0,33.25,33.25,665600.0,28.742544174194336
2015-11-13,33.5,33.0,33.0,33.25,402700.0,28.742544174194336
2015-11-16,33.25,32.0,33.0,33.25,563000.0,28.742544174194336
2015-11-17,33.25,32.75,33.25,33.25,396500.0,28.742544174194336
2015-11-18,33.5,32.5,33.25,32.75,297700.0,28.310319900512695
2015-11-19,33.0,32.5,32.75,33.0,262700.0,28.526432037353516
2015-11-20,33.0,32.5,32.75,32.75,128800.0,28.310319900512695
2015-11-23,33.25,32.75,32.75,33.0,223300.0,28.526432037353516
2015-11-24,35.0,33.0,33.0,34.25,6122500.0,29.606975555419922
2015-11-25,35.0,34.0,34.75,34.25,1511800.0,29.606975555419922
2015-11-26,34.75,33.5,34.5,33.5,722300.0,28.958646774291992
2015-11-27,34.0,33.0,33.75,33.25,361900.0,28.742544174194336
2015-11-30,33.5,33.0,33.25,33.5,234100.0,28.958646774291992
2015-12-01,33.75,33.0,33.75,33.0,203000.0,28.526432037353516
2015-12-02,33.75,32.75,33.25,32.75,543900.0,28.310319900512695
2015-12-03,32.75,31.75,32.5,32.25,853500.0,27.878103256225586
2015-12-04,32.5,31.75,32.0,31.75,312200.0,27.445886611938477
2015-12-08,31.75,31.0,31.5,31.0,463200.0,26.797555923461914
2015-12-09,31.5,30.25,31.25,31.25,438500.0,27.013668060302734
2015-12-11,31.25,30.5,31.0,30.75,298400.0,26.58144760131836
2015-12-14,30.5,29.25,30.5,29.75,1325800.0,25.717012405395508
2015-12-15,30.75,29.75,30.25,30.75,527300.0,26.58144760131836
2015-12-16,31.5,30.75,31.0,31.0,416300.0,26.797555923461914
2015-12-17,32.0,31.25,31.25,31.75,316700.0,27.445886611938477
2015-12-18,31.75,30.5,31.5,30.5,293100.0,26.365337371826172
2015-12-21,31.0,30.25,30.75,30.5,266700.0,26.365337371826172
2015-12-22,31.0,29.75,30.75,30.0,471400.0,25.93311882019043
2015-12-23,30.75,29.75,30.0,30.0,353000.0,25.93311882019043
2015-12-24,30.75,30.0,30.5,30.75,372200.0,26.58144760131836
2015-12-25,31.0,30.0,31.0,30.25,264400.0,26.149229049682617
2015-12-28,30.5,30.0,30.5,30.0,199400.0,25.93311882019043
2015-12-29,30.25,29.75,30.25,30.0,399100.0,25.93311882019043
2015-12-30,30.5,29.75,30.0,29.75,510400.0,25.717012405395508
2016-01-04,30.0,29.0,30.0,29.25,1082600.0,25.284791946411133
2016-01-05,29.75,28.75,29.5,29.0,939100.0,25.06867790222168
2016-01-06,29.25,28.75,28.75,29.0,649900.0,25.06867790222168
2016-01-07,28.75,27.75,28.5,27.75,1703000.0,23.988136291503906
2016-01-08,28.75,27.5,27.75,28.5,651100.0,24.636463165283203
2016-01-11,28.25,27.75,28.25,28.25,257000.0,24.42035484313965
2016-01-12,29.25,28.25,28.25,29.0,821100.0,25.06867790222168
2016-01-13,30.75,29.25,29.75,29.75,1840300.0,25.717012405395508
2016-01-14,29.75,29.0,29.5,29.25,801000.0,25.284791946411133
2016-01-15,29.75,28.75,29.5,28.75,489600.0,24.852575302124023
2016-01-18,29.25,28.5,28.75,29.0,335300.0,25.06867790222168
2016-01-19,29.75,29.0,29.0,29.25,385500.0,25.284791946411133
2016-01-20,30.75,29.0,29.0,29.75,1975600.0,25.717012405395508
2016-01-21,31.0,29.5,30.5,29.75,1541900.0,25.717012405395508
2016-01-22,30.5,29.75,30.5,30.25,1279200.0,26.149229049682617
2016-01-25,30.75,30.0,30.5,30.0,500700.0,25.93311882019043
2016-01-26,30.25,29.75,30.0,30.0,201100.0,25.93311882019043
2016-01-27,31.5,30.25,30.25,30.75,2220100.0,26.58144760131836
2016-01-28,31.75,30.75,31.0,31.25,1711100.0,27.013668060302734
2016-01-29,31.5,30.75,31.5,31.0,767300.0,26.797555923461914
2016-02-01,31.5,30.5,31.5,30.5,925400.0,26.365337371826172
2016-02-02,31.0,30.25,30.5,30.5,537100.0,26.365337371826172
2016-02-03,30.75,30.0,30.25,30.5,379400.0,26.365337371826172
2016-02-04,31.0,30.5,30.75,30.75,342900.0,26.58144760131836
2016-02-05,31.0,30.75,30.75,31.0,188000.0,26.797555923461914
2016-02-08,31.25,30.5,31.0,31.0,371400.0,26.797555923461914
2016-02-09,31.0,30.5,30.75,31.0,312200.0,26.797555923461914
2016-02-10,31.5,30.5,31.0,31.25,414300.0,27.013668060302734
2016-02-11,31.25,30.25,31.25,30.5,684700.0,26.365337371826172
2016-02-12,30.5,29.75,30.5,30.25,479400.0,26.149229049682617
2016-02-15,30.75,30.25,30.75,30.25,339500.0,26.149229049682617
2016-02-16,30.5,30.0,30.25,30.25,239900.0,26.149229049682617
2016-02-17,30.25,29.75,30.0,30.0,475800.0,25.93311882019043
2016-02-18,30.25,29.75,30.25,29.75,397000.0,25.717012405395508
2016-02-19,30.75,29.75,29.75,30.75,642000.0,26.58144760131836
2016-02-23,31.0,30.5,31.0,30.5,483100.0,26.365337371826172
2016-02-24,31.5,30.5,30.75,31.5,999400.0,27.229774475097656
2016-02-25,32.25,31.25,31.75,32.0,2808700.0,27.6619930267334
2016-02-26,32.5,30.75,32.0,31.5,1490500.0,27.229774475097656
2016-02-29,31.75,30.75,31.5,30.75,631300.0,26.58144760131836
2016-03-01,31.25,30.75,31.0,31.0,188900.0,26.797555923461914
2016-03-02,32.0,31.25,31.5,32.0,1542800.0,27.6619930267334
2016-03-03,35.0,32.25,32.5,34.25,12836700.0,29.606975555419922
2016-03-04,35.25,34.25,34.5,35.25,8255500.0,30.471418380737305
2016-03-07,35.25,34.25,35.25,34.5,3794700.0,29.823087692260742
2016-03-08,36.0,34.25,34.5,34.5,5563900.0,29.823087692260742
2016-03-09,35.0,34.0,34.5,34.5,1039500.0,29.823087692260742
2016-03-10,34.75,32.75,34.75,33.25,2420800.0,28.742544174194336
2016-03-11,34.25,33.25,33.5,34.25,1645700.0,29.606975555419922
2016-03-14,34.75,34.0,34.5,34.0,770200.0,29.390871047973633
2016-03-15,34.5,33.5,34.25,33.5,395700.0,28.958646774291992
2016-03-16,34.0,32.5,33.5,33.0,1341100.0,28.526432037353516
2016-03-17,33.25,32.75,33.25,32.75,437700.0,28.310319900512695
2016-03-18,33.0,32.5,33.0,32.75,225600.0,28.310319900512695
2016-03-21,33.25,32.5,33.0,33.0,255100.0,28.526432037353516
2016-03-22,33.5,32.75,33.25,33.0,594000.0,28.526432037353516
2016-03-23,34.75,33.0,33.0,34.75,1789600.0,30.039196014404297
2016-03-24,34.75,33.75,34.75,34.0,998100.0,29.390871047973633
2016-03-25,34.25,33.5,34.25,33.75,225000.0,29.17475700378418
2016-03-28,34.0,33.25,33.75,33.25,194700.0,28.742544174194336
2016-03-29,33.75,33.25,33.25,33.25,228400.0,28.742544174194336
2016-03-30,35.5,33.25,33.5,35.0,4995100.0,30.25530433654785
2016-03-31,35.25,34.25,34.75,34.5,851100.0,29.823087692260742
2016-04-01,34.5,33.75,34.5,34.5,470300.0,29.823087692260742
2016-04-04,34.75,34.25,34.5,34.5,529900.0,29.823087692260742
2016-04-05,34.25,33.25,34.0,33.5,1163800.0,28.958646774291992
2016-04-07,33.75,32.25,33.5,32.25,1195900.0,27.878103256225586
2016-04-08,33.25,31.75,32.0,33.25,784900.0,28.742544174194336
2016-04-11,33.5,32.75,33.0,33.0,188000.0,28.526432037353516
2016-04-12,33.5,33.0,33.0,33.25,198200.0,28.742544174194336
2016-04-18,34.0,32.75,33.0,33.75,541100.0,29.17475700378418
2016-04-19,34.25,33.5,34.0,34.0,460100.0,29.390871047973633
2016-04-20,34.25,33.75,34.25,34.0,440800.0,29.390871047973633
2016-04-21,35.0,34.0,34.0,35.0,1198000.0,30.25530433654785
2016-04-22,35.5,34.5,35.0,34.5,1082200.0,29.823087692260742
2016-04-25,35.0,34.5,34.5,34.75,776800.0,30.039196014404297
2016-04-26,35.0,34.75,34.75,35.0,422400.0,30.25530433654785
2016-04-27,35.0,34.75,35.0,35.0,277200.0,30.25530433654785
2016-04-28,35.0,34.5,35.0,34.75,572700.0,30.039196014404297
2016-04-29,34.75,34.5,34.75,34.75,297900.0,30.039196014404297
2016-05-03,35.0,34.25,35.0,34.25,83300.0,29.606975555419922
2016-05-04,34.25,33.75,34.25,34.0,211000.0,29.390871047973633
2016-05-09,34.0,33.0,33.75,33.5,527800.0,29.30339241027832
2016-05-10,34.5,33.75,33.75,34.0,631200.0,29.74076271057129
2016-05-11,35.25,34.0,34.0,34.5,1537600.0,30.178125381469727
2016-05-12,34.5,33.75,34.0,34.25,226100.0,29.959440231323242
2016-05-13,35.0,34.25,34.5,34.5,1060800.0,30.178125381469727
2016-05-16,35.25,34.5,34.75,35.25,2959400.0,30.83417320251465
2016-05-17,35.25,34.75,35.25,35.25,792500.0,30.83417320251465
2016-05-18,35.0,34.75,35.0,34.75,199600.0,30.396804809570312
2016-05-19,35.0,34.5,35.0,34.75,1253000.0,30.396804809570312
2016-05-23,35.0,34.5,34.75,35.0,976900.0,30.61548614501953
2016-05-24,35.5,35.0,35.0,35.25,369700.0,30.83417320251465
2016-05-25,36.0,35.25,35.5,36.0,1435900.0,31.49022102355957
2016-05-26,38.0,36.0,36.0,37.25,5884900.0,32.5836296081543
2016-05-27,37.25,36.75,37.0,37.25,992000.0,32.5836296081543
2016-05-30,37.75,37.0,37.5,37.5,1076500.0,32.802310943603516
2016-05-31,37.75,37.0,37.5,37.75,998200.0,33.02098846435547
2016-06-01,37.75,37.0,37.75,37.0,513600.0,32.36494827270508
2016-06-02,37.75,37.25,37.25,37.25,1201900.0,32.5836296081543
2016-06-03,37.25,36.5,37.25,37.0,906000.0,32.36494827270508
2016-06-06,37.5,37.0,37.25,37.0,651800.0,32.36494827270508
2016-06-07,37.5,36.75,37.0,36.75,1318500.0,32.14625930786133
2016-06-08,36.75,35.75,36.75,36.5,2079500.0,31.92757797241211
2016-06-09,36.75,36.0,36.5,36.0,1226900.0,31.49022102355957
2016-06-10,36.75,35.75,36.0,36.75,1068700.0,32.14625930786133
2016-06-13,36.5,35.75,35.75,36.25,465500.0,31.70889663696289
2016-06-14,36.5,36.25,36.25,36.5,331300.0,31.92757797241211
2016-06-15,37.0,36.5,36.75,36.75,253400.0,32.14625930786133
2016-06-16,36.75,36.0,36.75,36.0,755200.0,31.49022102355957
2016-06-17,36.5,36.0,36.0,36.5,526400.0,31.92757797241211
2016-06-20,36.5,36.0,36.5,36.5,141000.0,31.92757797241211
2016-06-21,36.75,36.0,36.25,36.5,380500.0,31.92757797241211
2016-06-22,36.75,36.25,36.5,36.5,126500.0,31.92757797241211
2016-06-23,36.75,36.0,36.25,36.5,239100.0,31.92757797241211
2016-06-24,36.25,34.75,36.0,36.25,1851100.0,31.70889663696289
2016-06-27,36.75,36.0,36.25,36.75,494300.0,32.14625930786133
2016-06-28,36.75,36.25,36.5,36.75,274600.0,32.14625930786133
2016-06-29,37.75,36.5,36.75,37.75,2261100.0,33.02098846435547
2016-06-30,38.75,37.5,38.0,38.0,1933400.0,33.23967361450195
2016-07-04,38.5,37.75,38.25,38.25,1163100.0,33.458351135253906
2016-07-05,38.5,37.5,38.25,38.25,726400.0,33.458351135253906
2016-07-06,38.25,37.75,38.0,38.25,348900.0,33.458351135253906
2016-07-07,38.25,37.25,38.25,38.0,950300.0,33.23967361450195
2016-07-08,38.25,37.75,38.25,38.0,268100.0,33.23967361450195
2016-07-11,39.25,37.75,38.0,39.25,2176200.0,34.33308410644531
2016-07-12,41.5,39.75,40.0,40.75,6856600.0,35.645172119140625
2016-07-13,41.0,39.25,41.0,39.5,1716300.0,34.55176544189453
2016-07-14,40.0,39.0,39.5,39.5,629600.0,34.55176544189453
2016-07-15,40.0,39.0,39.75,39.5,757200.0,34.55176544189453
2016-07-20,40.0,39.0,39.75,39.5,888900.0,34.55176544189453
2016-07-21,40.25,39.25,39.5,39.75,1231600.0,34.77045440673828
2016-07-22,39.75,39.0,39.75,39.25,1299400.0,34.33308410644531
2016-07-25,39.5,39.0,39.5,39.25,327300.0,34.33308410644531
2016-07-26,39.5,39.0,39.5,39.0,319000.0,34.114402770996094
2016-07-27,39.5,39.0,39.0,39.5,183500.0,34.55176544189453
2016-07-28,40.75,39.0,39.5,40.25,2195100.0,35.20780944824219
2016-07-29,42.0,40.25,40.75,41.25,3414700.0,36.082542419433594
2016-08-01,41.5,40.5,41.25,41.0,2125100.0,35.86385726928711
2016-08-02,41.0,39.75,40.75,39.75,422400.0,34.77045440673828
2016-08-03,40.25,39.25,39.5,39.5,1331100.0,34.55176544189453
2016-08-04,39.5,38.5,39.5,38.75,2376400.0,33.89571762084961
2016-08-05,39.0,38.5,38.75,38.75,561800.0,33.89571762084961
2016-08-08,39.75,39.0,39.5,39.0,1736000.0,34.114402770996094
2016-08-09,39.75,39.0,39.25,39.5,1860100.0,34.55176544189453
2016-08-10,39.75,38.75,39.75,39.0,2317600.0,34.114402770996094
2016-08-11,39.5,38.75,39.0,39.0,459400.0,34.114402770996094
2016-08-15,39.0,38.5,38.5,38.5,549000.0,33.67703628540039
2016-08-16,38.75,37.75,38.5,37.75,763000.0,33.02098846435547
2016-08-17,37.75,37.25,37.25,37.5,884600.0,32.802310943603516
2016-08-18,38.25,37.25,37.25,38.25,525100.0,33.458351135253906
2016-08-19,38.25,37.75,38.0,37.75,235000.0,33.02098846435547
2016-08-22,38.0,37.75,37.75,37.75,149600.0,33.02098846435547
2016-08-23,38.0,37.5,37.75,38.0,121000.0,33.23967361450195
2016-08-24,39.0,38.0,38.25,38.25,758800.0,33.458351135253906
2016-08-25,39.5,38.25,38.75,38.25,1102300.0,33.458351135253906
2016-08-26,38.75,38.25,38.5,38.25,152600.0,33.458351135253906
2016-08-29,38.75,38.25,38.25,38.25,154100.0,33.458351135253906
2016-08-30,38.75,38.25,38.5,38.5,115600.0,33.67703628540039
2016-08-31,38.75,38.25,38.75,38.5,168200.0,33.67703628540039
2016-09-01,38.75,37.0,38.5,37.25,1935600.0,32.5836296081543
2016-09-02,37.5,36.5,37.0,36.75,1225400.0,32.14625930786133
2016-09-05,37.0,36.0,37.0,36.75,1435000.0,32.14625930786133
2016-09-06,36.5,36.0,36.25,36.0,321100.0,31.836742401123047
2016-09-07,37.0,36.25,36.25,36.25,760500.0,32.05782699584961
2016-09-08,36.5,35.0,36.25,35.75,1051300.0,31.615650177001953
2016-09-09,36.0,35.0,35.5,36.0,358600.0,31.836742401123047
2016-09-12,35.5,34.75,35.5,35.0,757200.0,30.9523868560791
2016-09-13,35.5,35.0,35.0,35.0,380700.0,30.9523868560791
2016-09-14,35.25,34.75,35.25,35.0,389200.0,30.9523868560791
2016-09-15,37.0,35.0,35.25,36.25,960800.0,32.05782699584961
2016-09-16,37.0,36.5,36.5,37.0,470500.0,32.721092224121094
2016-09-19,37.0,36.5,37.0,36.75,94200.0,32.499996185302734
2016-09-20,36.75,36.0,36.75,36.25,69900.0,32.05782699584961
2016-09-21,36.75,36.25,36.5,36.5,104900.0,32.27891540527344
2016-09-22,37.5,36.5,36.5,37.5,818700.0,33.16326904296875
2016-09-23,37.5,36.5,37.5,37.0,410200.0,32.721092224121094
2016-09-26,37.25,36.5,36.75,36.75,288700.0,32.499996185302734
2016-09-27,37.0,36.5,37.0,36.75,167700.0,32.499996185302734
2016-09-28,36.75,36.25,36.75,36.25,228500.0,32.05782699584961
2016-09-29,36.75,36.25,36.25,36.5,139600.0,32.27891540527344
2016-09-30,36.75,36.25,36.5,36.25,35000.0,32.05782699584961
2016-10-03,36.5,36.25,36.25,36.25,316000.0,32.05782699584961
2016-10-04,37.25,36.25,36.5,37.25,911800.0,32.94218063354492
2016-10-05,37.5,36.75,37.5,36.75,210200.0,32.499996185302734
2016-10-06,37.25,36.75,37.0,37.0,150600.0,32.721092224121094
2016-10-07,37.0,36.75,37.0,36.75,82900.0,32.499996185302734
2016-10-10,36.5,35.75,36.5,36.0,1006800.0,31.836742401123047
2016-10-11,36.25,35.5,36.0,36.25,747200.0,32.05782699584961
2016-10-12,36.25,33.0,36.25,35.5,1955100.0,31.394556045532227
2016-10-13,35.25,33.75,35.25,34.25,964100.0,30.28911781311035
2016-10-14,35.75,35.0,35.25,35.5,550500.0,31.394556045532227
2016-10-17,36.25,35.25,35.5,36.0,1097800.0,31.836742401123047
2016-10-18,36.25,35.5,36.25,36.0,203300.0,31.836742401123047
2016-10-19,36.0,35.5,35.75,36.0,317400.0,31.836742401123047
2016-10-20,36.25,35.75,36.25,36.0,218800.0,31.836742401123047
2016-10-21,36.75,35.75,36.0,36.25,364800.0,32.05782699584961
2016-10-25,37.5,36.5,36.75,37.25,679100.0,32.94218063354492
2016-10-26,37.25,36.5,37.25,36.75,289400.0,32.499996185302734
2016-10-27,37.25,36.75,37.0,36.75,238600.0,32.499996185302734
2016-10-28,37.25,36.75,36.75,37.0,298300.0,32.721092224121094
2016-10-31,37.75,37.0,37.0,37.5,1010900.0,33.16326904296875
2016-11-01,39.5,37.75,38.0,39.25,2966500.0,34.71089172363281
2016-11-02,39.25,38.25,39.0,39.25,720200.0,34.71089172363281
2016-11-03,39.0,38.0,39.0,38.0,540000.0,33.60544967651367
2016-11-04,38.25,37.25,38.25,38.0,578900.0,33.60544967651367
2016-11-07,38.5,37.75,37.75,38.0,257400.0,33.60544967651367
2016-11-08,39.0,38.0,38.25,38.5,752600.0,34.0476188659668
2016-11-09,38.5,37.75,38.25,38.25,514800.0,33.82653045654297
2016-11-10,39.0,38.0,38.5,38.75,698700.0,34.268707275390625
2016-11-11,38.5,38.0,38.25,38.0,287700.0,33.60544967651367
2016-11-14,38.25,37.5,38.25,37.5,232200.0,33.16326904296875
2016-11-15,38.25,37.5,37.5,37.75,171200.0,33.384361267089844
2016-11-16,38.25,37.5,37.75,38.25,841700.0,33.82653045654297
2016-11-17,38.5,37.5,38.5,37.75,857100.0,33.384361267089844
2016-11-18,38.0,37.5,37.75,37.75,242200.0,33.384361267089844
2016-11-21,39.25,37.75,37.75,39.25,1502400.0,34.71089172363281
2016-11-22,39.25,38.0,39.25,38.5,610400.0,34.0476188659668
2016-11-23,39.25,38.5,38.75,39.0,1083200.0,34.48979949951172
2016-11-24,39.25,38.75,39.0,39.25,1073700.0,34.71089172363281
2016-11-25,39.75,39.25,39.25,39.5,1514300.0,34.931976318359375
2016-11-28,39.5,38.75,39.5,39.0,160800.0,34.48979949951172
2016-11-29,39.25,38.25,38.75,38.75,517900.0,34.268707275390625
2016-11-30,39.0,38.5,39.0,38.5,144200.0,34.0476188659668
2016-12-01,39.0,38.5,39.0,38.5,315300.0,34.0476188659668
2016-12-02,38.75,38.25,38.5,38.5,95400.0,34.0476188659668
2016-12-06,38.75,38.0,38.75,38.0,180900.0,33.60544967651367
2016-12-07,38.5,38.0,38.0,38.25,323500.0,33.82653045654297
2016-12-08,39.25,38.25,38.5,38.5,829800.0,34.0476188659668
2016-12-09,38.75,38.25,38.75,38.5,778700.0,34.0476188659668
2016-12-13,38.5,38.25,38.5,38.5,236300.0,34.0476188659668
2016-12-14,39.0,38.0,38.75,38.0,397200.0,33.60544967651367
2016-12-15,38.5,37.75,37.75,38.25,597300.0,33.82653045654297
2016-12-16,38.5,38.0,38.25,38.0,588700.0,33.60544967651367
2016-12-19,38.5,38.0,38.5,38.25,98500.0,33.82653045654297
2016-12-20,38.25,37.5,38.25,37.5,454200.0,33.16326904296875
2016-12-21,38.25,37.25,37.5,38.25,1337000.0,33.82653045654297
2016-12-22,38.75,38.0,38.25,38.5,314700.0,34.0476188659668
2016-12-23,38.5,38.25,38.5,38.5,65600.0,34.0476188659668
2016-12-26,38.75,38.25,38.5,38.5,216300.0,34.0476188659668
2016-12-27,38.75,38.25,38.5,38.75,295800.0,34.268707275390625
2016-12-28,38.75,38.25,38.75,38.75,98500.0,34.268707275390625
2016-12-29,39.25,38.25,38.75,39.25,1229400.0,34.71089172363281
2016-12-30,40.25,38.75,39.0,40.0,2023000.0,35.3741569519043
2017-01-04,40.25,39.75,40.25,40.0,711300.0,35.3741569519043
2017-01-05,40.25,39.5,40.0,40.25,842700.0,35.595237731933594
2017-01-06,40.25,39.75,40.0,40.25,770500.0,35.595237731933594
2017-01-09,40.25,39.25,40.25,39.75,782400.0,35.1530647277832
2017-01-10,40.0,39.25,39.5,39.25,838800.0,34.71089172363281
2017-01-11,39.75,39.25,39.25,39.75,160600.0,35.1530647277832
2017-01-12,40.0,39.25,39.75,39.75,206000.0,35.1530647277832
2017-01-16,39.75,39.25,39.75,39.25,246100.0,34.71089172363281
2017-01-17,39.5,39.25,39.5,39.5,207000.0,34.931976318359375
2017-01-18,39.5,39.25,39.5,39.5,377100.0,34.931976318359375
2017-01-19,39.5,39.0,39.25,39.25,251600.0,34.71089172363281
2017-01-20,39.5,39.0,39.25,39.5,189900.0,34.931976318359375
2017-01-23,39.5,39.25,39.5,39.5,319200.0,34.931976318359375
2017-01-24,39.5,39.25,39.5,39.25,179900.0,34.71089172363281
2017-01-25,40.25,39.25,39.25,40.0,716500.0,35.3741569519043
2017-01-26,40.25,39.25,40.25,39.25,536700.0,34.71089172363281
2017-01-27,39.75,39.25,39.5,39.75,132700.0,35.1530647277832
2017-01-30,39.75,39.5,39.75,39.75,83700.0,35.1530647277832
2017-01-31,39.75,39.25,39.5,39.5,55700.0,34.931976318359375
2017-02-01,39.5,39.0,39.0,39.5,275800.0,34.931976318359375
2017-02-02,39.5,38.75,39.25,39.0,494000.0,34.48979949951172
2017-02-03,39.5,38.75,39.0,38.75,689200.0,34.268707275390625
2017-02-06,39.25,38.75,38.75,39.0,577700.0,34.48979949951172
2017-02-07,39.25,38.75,39.0,39.25,427900.0,34.71089172363281
2017-02-08,39.5,39.0,39.25,39.5,228400.0,34.931976318359375
2017-02-09,39.5,39.0,39.5,39.0,429900.0,34.48979949951172
2017-02-10,39.5,39.0,39.0,39.5,510000.0,34.931976318359375
2017-02-14,39.25,38.75,39.25,39.25,809000.0,34.71089172363281
2017-02-15,39.25,38.75,39.0,39.0,335100.0,34.48979949951172
2017-02-16,39.25,38.75,38.75,39.25,189300.0,34.71089172363281
2017-02-17,39.0,38.75,39.0,39.0,251400.0,34.48979949951172
2017-02-20,39.0,38.75,39.0,39.0,238700.0,34.48979949951172
2017-02-21,39.0,38.75,38.75,39.0,132200.0,34.48979949951172
2017-02-22,39.0,38.25,38.75,38.75,325400.0,34.268707275390625
2017-02-23,38.75,38.25,38.5,38.75,210300.0,34.268707275390625
2017-02-24,38.75,38.5,38.75,38.75,35700.0,34.268707275390625
2017-02-27,39.0,38.25,38.75,39.0,227900.0,34.48979949951172
2017-02-28,39.0,38.5,39.0,38.75,74700.0,34.268707275390625
2017-03-01,39.0,38.25,38.75,38.75,452200.0,34.268707275390625
2017-03-02,39.0,38.5,38.75,39.0,173200.0,34.48979949951172
2017-03-03,39.25,38.75,39.0,39.0,194700.0,34.48979949951172
2017-03-06,39.0,38.5,38.75,38.75,152600.0,34.268707275390625
2017-03-07,38.75,38.5,38.5,38.5,68000.0,34.0476188659668
2017-03-08,38.75,38.5,38.5,38.5,222600.0,34.0476188659668
2017-03-09,39.0,38.5,38.75,39.0,123200.0,34.48979949951172
2017-03-10,39.0,38.75,38.75,39.0,107400.0,34.48979949951172
2017-03-13,39.0,38.5,39.0,39.0,259200.0,34.48979949951172
2017-03-14,39.0,38.5,39.0,39.0,76900.0,34.48979949951172
2017-03-15,39.25,38.5,39.0,39.25,135100.0,34.71089172363281
2017-03-16,39.25,38.75,39.0,39.0,673200.0,34.48979949951172
2017-03-17,39.25,38.75,39.25,39.25,274500.0,34.71089172363281
2017-03-20,39.25,39.0,39.25,39.25,55900.0,34.71089172363281
2017-03-21,39.5,39.0,39.0,39.0,230100.0,34.48979949951172
2017-03-22,39.25,38.75,39.25,39.0,93900.0,34.48979949951172
2017-03-23,39.25,38.75,39.0,39.0,52600.0,34.48979949951172
2017-03-24,39.0,38.75,39.0,39.0,63700.0,34.48979949951172
2017-03-27,39.0,38.75,39.0,39.0,169200.0,34.48979949951172
2017-03-28,39.0,38.25,39.0,38.25,1353700.0,33.82653045654297
2017-03-29,38.75,38.25,38.25,38.5,279000.0,34.0476188659668
2017-03-30,38.75,38.25,38.5,38.25,632500.0,33.82653045654297
2017-03-31,39.0,38.5,38.5,38.5,163200.0,34.0476188659668
2017-04-03,39.0,38.5,38.5,39.0,123200.0,34.48979949951172
2017-04-04,39.0,38.75,39.0,38.75,56200.0,34.268707275390625
2017-04-05,39.0,38.75,38.75,39.0,120900.0,34.48979949951172
2017-04-07,39.0,38.5,39.0,38.5,180100.0,34.0476188659668
2017-04-10,39.0,38.5,38.75,38.75,72500.0,34.268707275390625
2017-04-11,39.0,38.5,38.75,38.75,388600.0,34.268707275390625
2017-04-12,39.0,38.5,38.75,38.75,271200.0,34.268707275390625
2017-04-17,39.0,38.0,38.75,38.25,803700.0,33.82653045654297
2017-04-18,38.5,38.25,38.5,38.25,566100.0,33.82653045654297
2017-04-19,38.5,38.0,38.25,38.0,299500.0,33.60544967651367
2017-04-20,38.5,37.75,38.25,37.75,1138600.0,33.384361267089844
2017-04-21,38.25,37.75,38.0,37.75,490500.0,33.384361267089844
2017-04-24,38.0,37.5,38.0,37.75,440000.0,33.384361267089844
2017-04-25,37.75,37.5,37.75,37.5,242400.0,33.16326904296875
2017-04-26,37.75,37.25,37.5,37.5,260400.0,33.16326904296875
2017-04-27,37.75,37.25,37.75,37.25,648400.0,32.94218063354492
2017-04-28,38.0,37.25,37.25,38.0,95100.0,33.60544967651367
2017-05-02,38.0,37.5,37.75,37.75,45300.0,33.384361267089844
2017-05-03,38.0,37.25,38.0,37.25,553300.0,32.94218063354492
2017-05-04,38.0,37.25,37.5,38.0,226700.0,34.016387939453125
2017-05-08,37.75,37.25,37.25,37.25,48800.0,33.7446174621582
2017-05-09,37.75,37.25,37.5,37.25,141600.0,33.7446174621582
2017-05-11,37.75,37.25,37.25,37.25,200600.0,33.7446174621582
2017-05-12,37.5,36.75,37.25,37.0,347300.0,33.51814270019531
2017-05-15,37.25,37.25,37.25,37.25,19800.0,33.7446174621582
2017-05-16,37.25,36.75,37.25,37.25,214000.0,33.7446174621582
2017-05-17,37.5,37.0,37.0,37.25,100200.0,33.7446174621582
2017-05-18,37.25,37.0,37.0,37.25,69200.0,33.7446174621582
2017-05-19,37.25,37.0,37.25,37.0,40300.0,33.51814270019531
2017-05-22,37.5,37.0,37.0,37.25,73000.0,33.7446174621582
2017-05-23,37.5,37.0,37.5,37.0,93400.0,33.51814270019531
2017-05-24,37.25,36.75,37.25,37.0,405900.0,33.51814270019531
2017-05-25,37.25,36.75,37.0,37.0,273000.0,33.51814270019531
2017-05-26,37.25,36.75,37.0,37.25,68600.0,33.7446174621582
2017-05-29,37.25,36.75,37.0,36.75,115800.0,33.29166030883789
2017-05-30,37.25,36.75,37.0,36.75,149600.0,33.29166030883789
2017-05-31,37.25,36.75,37.0,36.75,41400.0,33.29166030883789
2017-06-01,37.0,36.75,36.75,37.0,49900.0,33.51814270019531
2017-06-02,37.25,36.75,36.75,37.0,88200.0,33.51814270019531
2017-06-05,37.25,36.75,37.0,37.0,83600.0,33.51814270019531
2017-06-06,37.0,36.5,37.0,37.0,549100.0,33.51814270019531
2017-06-07,37.25,36.5,37.25,36.75,241700.0,33.29166030883789
2017-06-08,37.0,36.25,37.0,36.75,338500.0,33.29166030883789
2017-06-09,36.75,36.25,36.75,36.5,236900.0,33.06519317626953
2017-06-12,36.75,36.25,36.5,36.25,236300.0,32.83871841430664
2017-06-13,36.5,36.0,36.5,36.5,251200.0,33.06519317626953
2017-06-14,36.75,36.25,36.5,36.5,495100.0,33.06519317626953
2017-06-15,36.75,36.0,36.75,36.0,609900.0,32.612247467041016
2017-06-16,36.5,36.0,36.25,36.25,286000.0,32.83871841430664
2017-06-19,36.5,36.0,36.25,36.25,978300.0,32.83871841430664
2017-06-20,36.5,36.25,36.25,36.25,123600.0,32.83871841430664
2017-06-21,36.5,36.0,36.5,36.25,942300.0,32.83871841430664
2017-06-22,36.5,36.0,36.25,36.25,814600.0,32.83871841430664
2017-06-23,36.5,36.25,36.5,36.5,424300.0,33.06519317626953
2017-06-26,37.25,36.25,36.25,36.75,516900.0,33.29166030883789
2017-06-27,37.25,36.75,37.0,37.0,498700.0,33.51814270019531
2017-06-28,37.25,36.75,37.0,37.0,168500.0,33.51814270019531
2017-06-29,37.25,36.75,37.0,36.75,313000.0,33.29166030883789
2017-06-30,37.5,36.5,36.75,37.25,750500.0,33.7446174621582
2017-07-03,37.25,37.0,37.25,37.0,36000.0,33.51814270019531
2017-07-04,37.0,36.75,37.0,36.75,174800.0,33.29166030883789
2017-07-05,37.0,36.75,36.75,36.75,84900.0,33.29166030883789
2017-07-06,37.0,36.5,37.0,36.75,178900.0,33.29166030883789
2017-07-07,36.75,36.25,36.75,36.5,256100.0,33.06519317626953
2017-07-11,36.75,36.25,36.5,36.25,258100.0,32.83871841430664
2017-07-12,37.0,36.25,36.25,37.0,280600.0,33.51814270019531
2017-07-13,37.0,36.5,37.0,37.0,180600.0,33.51814270019531
2017-07-14,37.0,36.25,37.0,36.5,382900.0,33.06519317626953
2017-07-17,36.75,36.25,36.75,36.5,167200.0,33.06519317626953
2017-07-18,36.75,36.0,36.5,36.25,375500.0,32.83871841430664
2017-07-19,36.25,35.75,36.25,36.0,653300.0,32.612247467041016
2017-07-20,36.5,35.75,36.0,36.5,522900.0,33.06519317626953
2017-07-21,36.5,36.0,36.5,36.25,252000.0,32.83871841430664
2017-07-24,36.5,36.0,36.25,36.25,130600.0,32.83871841430664
2017-07-25,36.25,35.75,36.25,36.25,1049700.0,32.83871841430664
2017-07-26,36.25,36.0,36.25,36.25,236900.0,32.83871841430664
2017-07-27,36.25,35.75,36.25,36.0,180400.0,32.612247467041016
2017-07-31,36.5,35.5,36.25,36.5,1035000.0,33.06519317626953
2017-08-01,36.5,36.25,36.5,36.5,92400.0,33.06519317626953
2017-08-02,36.5,36.0,36.5,36.5,208300.0,33.06519317626953
2017-08-03,36.5,36.25,36.25,36.5,69200.0,33.06519317626953
2017-08-04,36.5,36.0,36.5,36.25,182100.0,32.83871841430664
2017-08-07,36.5,36.0,36.5,36.25,98200.0,32.83871841430664
2017-08-08,36.25,36.0,36.25,36.0,99900.0,32.612247467041016
2017-08-09,36.5,36.0,36.25,36.5,131400.0,33.06519317626953
2017-08-10,36.5,36.25,36.25,36.5,89300.0,33.06519317626953
2017-08-11,36.5,36.0,36.25,36.25,277300.0,32.83871841430664
2017-08-15,36.5,36.0,36.25,36.5,510600.0,33.06519317626953
2017-08-16,36.75,36.25,36.75,36.25,89800.0,32.83871841430664
2017-08-17,36.5,36.25,36.25,36.5,42200.0,33.06519317626953
2017-08-18,36.5,36.0,36.25,36.5,196200.0,33.06519317626953
2017-08-21,36.5,36.25,36.5,36.25,56500.0,32.83871841430664
2017-08-22,36.5,36.25,36.25,36.25,43900.0,32.83871841430664
2017-08-23,36.5,36.25,36.25,36.25,38200.0,32.83871841430664
2017-08-24,36.75,36.25,36.5,36.5,232100.0,33.06519317626953
2017-08-25,36.75,36.25,36.5,36.5,183000.0,33.06519317626953
2017-08-28,36.75,36.75,36.75,36.75,18900.0,33.29166030883789
2017-08-29,37.5,36.5,36.75,37.5,1062800.0,33.97108459472656
2017-08-30,37.75,37.25,37.5,37.25,552200.0,33.7446174621582
2017-08-31,38.5,37.25,37.5,38.5,1356000.0,34.876983642578125
2017-09-01,39.5,38.5,39.0,39.25,3148400.0,35.55641174316406
2017-09-04,39.25,38.25,39.25,38.25,725600.0,34.650508880615234
2017-09-05,38.0,37.75,38.0,37.75,306500.0,34.558963775634766
2017-09-06,37.75,37.25,37.75,37.5,252800.0,34.33009338378906
2017-09-07,38.0,37.5,37.5,38.0,300200.0,34.78783416748047
2017-09-08,38.5,38.0,38.0,38.0,415800.0,34.78783416748047
2017-09-11,38.5,38.0,38.0,38.5,438000.0,35.24556350708008
2017-09-12,39.0,38.5,38.75,38.5,943900.0,35.24556350708008
2017-09-13,39.0,38.5,38.5,38.5,448100.0,35.24556350708008
2017-09-14,38.75,38.25,38.5,38.75,161900.0,35.474430084228516
2017-09-15,38.75,37.75,38.75,38.5,1347800.0,35.24556350708008
2017-09-18,38.75,38.5,38.5,38.5,416500.0,35.24556350708008
2017-09-19,38.75,38.25,38.75,38.25,269200.0,35.016693115234375
2017-09-20,38.75,38.25,38.25,38.25,208100.0,35.016693115234375
2017-09-21,38.5,38.25,38.5,38.25,265900.0,35.016693115234375
2017-09-22,38.5,38.0,38.25,38.0,188300.0,34.78783416748047
2017-09-25,38.25,38.0,38.0,38.0,93700.0,34.78783416748047
2017-09-26,38.25,37.25,38.0,37.5,428900.0,34.33009338378906
2017-09-27,38.0,37.25,37.5,37.25,445200.0,34.10123062133789
2017-09-28,37.75,37.25,37.75,37.5,169600.0,34.33009338378906
2017-09-29,37.75,37.25,37.5,37.75,158700.0,34.558963775634766
2017-10-02,38.0,37.5,37.75,37.75,282400.0,34.558963775634766
2017-10-03,38.0,37.5,37.75,37.75,98500.0,34.558963775634766
2017-10-04,38.0,37.75,37.75,38.0,141100.0,34.78783416748047
2017-10-05,38.0,37.75,37.75,38.0,183700.0,34.78783416748047
2017-10-06,38.25,37.75,38.0,38.25,499000.0,35.016693115234375
2017-10-09,38.25,37.75,38.25,38.0,219600.0,34.78783416748047
2017-10-10,38.25,37.5,38.0,37.75,285300.0,34.558963775634766
2017-10-11,38.25,37.75,38.0,38.0,198200.0,34.78783416748047
2017-10-12,38.0,37.75,38.0,38.0,179700.0,34.78783416748047
2017-10-16,39.5,39.5,39.5,39.5,206300.0,36.161033630371094
2017-10-17,40.5,39.5,40.0,39.5,4462600.0,36.161033630371094
2017-10-18,39.75,39.0,39.75,39.5,739500.0,36.161033630371094
2017-10-19,39.5,38.5,39.5,38.5,1253400.0,35.24556350708008
2017-10-20,39.5,38.25,38.5,39.5,944300.0,36.161033630371094
2017-10-24,39.5,38.75,39.5,39.25,488900.0,35.93217086791992
2017-10-25,39.5,38.75,39.25,39.25,292200.0,35.93217086791992
2017-10-27,39.25,38.75,39.0,39.25,422600.0,35.93217086791992
2017-10-30,39.25,38.5,39.25,39.0,451700.0,35.70329666137695
2017-10-31,39.0,38.5,39.0,38.75,281800.0,35.474430084228516
2017-11-01,39.0,38.5,38.75,38.75,471300.0,35.474430084228516
2017-11-02,38.75,38.5,38.75,38.75,108900.0,35.474430084228516
2017-11-03,38.75,38.25,38.5,38.5,204200.0,35.24556350708008
2017-11-06,38.5,38.25,38.5,38.25,123400.0,35.016693115234375
2017-11-07,39.0,38.5,38.5,39.0,217800.0,35.70329666137695
2017-11-08,39.0,38.75,38.75,39.0,208900.0,35.70329666137695
2017-11-09,39.0,38.5,38.75,38.75,178700.0,35.474430084228516
2017-11-10,39.0,38.25,38.75,38.5,214400.0,35.24556350708008
2017-11-13,38.75,37.75,38.75,38.25,338800.0,35.016693115234375
2017-11-14,38.5,38.0,38.0,38.5,231500.0,35.24556350708008
2017-11-15,38.5,38.0,38.25,38.5,142000.0,35.24556350708008
2017-11-16,38.75,38.25,38.25,38.25,82400.0,35.016693115234375
2017-11-17,38.75,38.25,38.5,38.75,124000.0,35.474430084228516
2017-11-20,39.0,38.5,39.0,39.0,118300.0,35.70329666137695
2017-11-21,38.25,38.25,38.25,38.25,414900.0,35.016693115234375
2017-11-22,38.75,38.25,38.25,38.5,138900.0,35.24556350708008
2017-11-23,39.0,38.5,38.75,38.75,210300.0,35.474430084228516
2017-11-24,39.0,38.25,39.0,38.5,124500.0,35.24556350708008
2017-11-27,38.5,38.25,38.5,38.5,210800.0,35.24556350708008
2017-11-28,38.75,38.5,38.5,38.75,193000.0,35.474430084228516
2017-11-29,40.0,38.5,38.75,39.25,3042500.0,35.93217086791992
2017-11-30,39.5,38.5,39.25,39.25,792700.0,35.93217086791992
2017-12-01,39.5,38.75,39.25,39.25,254200.0,35.93217086791992
2017-12-04,39.5,38.75,39.25,39.25,253000.0,35.93217086791992
2017-12-06,39.25,38.75,39.0,38.75,170700.0,35.474430084228516
2017-12-07,39.25,38.5,38.75,39.25,429400.0,35.93217086791992
2017-12-08,39.25,38.5,39.25,39.25,530900.0,35.93217086791992
2017-12-12,39.25,38.75,39.0,38.75,138400.0,35.474430084228516
2017-12-13,39.0,38.5,38.75,38.5,206200.0,35.24556350708008
2017-12-14,38.75,38.25,38.5,38.5,379200.0,35.24556350708008
2017-12-15,39.0,38.5,38.5,39.0,181100.0,35.70329666137695
2017-12-18,39.0,38.5,39.0,38.75,51900.0,35.474430084228516
2017-12-19,40.25,38.75,38.75,40.25,3568800.0,36.847633361816406
2017-12-20,40.25,39.75,40.25,40.0,678100.0,36.618770599365234
2017-12-21,40.25,39.75,40.0,40.0,229300.0,36.618770599365234
2017-12-22,40.0,39.5,40.0,40.0,340800.0,36.618770599365234
2017-12-25,40.0,39.75,40.0,40.0,735400.0,36.618770599365234
2017-12-26,40.25,39.5,40.25,40.0,573400.0,36.618770599365234
2017-12-27,40.0,39.75,40.0,40.0,212600.0,36.618770599365234
2017-12-28,40.0,39.0,40.0,39.0,754400.0,35.70329666137695
2017-12-29,40.0,39.25,39.25,39.75,492800.0,36.38990020751953
2018-01-03,40.0,39.5,39.75,40.0,265200.0,36.618770599365234
2018-01-04,40.0,39.25,40.0,39.25,1020900.0,35.93217086791992
2018-01-05,46.75,39.5,39.5,45.75,20437100.0,41.88271713256836
2018-01-08,51.0,46.75,46.75,47.0,29995800.0,43.02705383300781
2018-01-09,46.0,46.0,46.0,46.0,657400.0,42.1115837097168
2018-01-10,47.0,45.25,47.0,46.25,3619700.0,42.3404541015625
2018-01-11,47.0,45.5,46.25,46.5,4848200.0,42.56932067871094
2018-01-12,46.75,45.5,46.75,45.5,2750200.0,41.65385055541992
2018-01-15,46.25,45.5,46.0,46.0,1675100.0,42.1115837097168
2018-01-16,49.75,45.5,46.0,47.75,17461800.0,43.71365737915039
2018-01-17,48.5,47.0,47.75,48.0,5597100.0,43.94252395629883
2018-01-18,49.0,45.75,48.0,47.0,6961100.0,43.02705383300781
2018-01-19,47.0,45.75,46.75,47.0,3273600.0,43.02705383300781
2018-01-22,46.75,46.25,46.5,46.5,562300.0,42.56932067871094
2018-01-23,48.0,46.25,46.75,47.75,4410000.0,43.71365737915039
2018-01-24,49.75,47.0,47.75,49.75,4961500.0,45.544593811035156
2018-01-25,49.5,47.75,49.5,47.75,2696400.0,43.71365737915039
2018-01-26,48.25,46.5,47.5,48.25,1778100.0,44.171390533447266
2018-01-29,48.5,47.5,48.5,48.0,1112300.0,43.94252395629883
2018-01-30,48.0,47.5,48.0,47.75,503900.0,43.71365737915039
2018-01-31,48.25,47.0,47.5,48.0,518300.0,43.94252395629883
2018-02-01,48.5,47.5,48.0,47.75,568500.0,43.71365737915039
2018-02-02,48.25,47.25,48.25,47.75,782400.0,43.71365737915039
2018-02-05,47.25,46.25,46.5,47.25,1795100.0,43.25592041015625
2018-02-06,46.25,45.0,45.75,45.75,2699100.0,41.88271713256836
2018-02-07,46.5,45.25,46.25,45.25,851100.0,41.424983978271484
2018-02-08,46.5,45.0,45.25,45.25,1426400.0,41.424983978271484
2018-02-09,45.75,45.0,45.0,45.25,970200.0,41.424983978271484
2018-02-12,46.0,45.25,45.5,45.75,490800.0,41.88271713256836
2018-02-13,46.0,45.5,46.0,46.0,368600.0,42.1115837097168
2018-02-14,46.0,45.0,46.0,45.0,571400.0,41.19611740112305
2018-02-15,45.5,44.5,45.5,45.0,783200.0,41.19611740112305
2018-02-16,45.25,44.5,45.0,44.5,807800.0,40.73838424682617
2018-02-19,44.5,43.25,44.5,43.75,1470200.0,40.051780700683594
2018-02-20,44.25,43.5,44.0,44.0,802500.0,40.28064727783203
2018-02-21,44.25,43.25,44.25,43.5,387300.0,39.822906494140625
2018-02-22,43.5,42.0,43.5,42.25,1188600.0,38.67857360839844
2018-02-23,43.0,42.25,42.25,42.75,361300.0,39.13631057739258
2018-02-26,43.25,42.5,43.25,43.0,289100.0,39.36518096923828
2018-02-27,45.0,43.25,43.5,43.75,1191000.0,40.051780700683594
2018-02-28,46.0,43.5,43.5,44.75,1491400.0,40.96725082397461
2018-03-02,44.75,44.0,44.5,44.25,345900.0,40.50951385498047
2018-03-05,44.25,43.5,44.0,44.25,350500.0,40.50951385498047
2018-03-06,44.0,44.0,44.0,44.0,32200.0,40.28064727783203
2018-03-07,44.0,42.5,44.0,42.75,435200.0,39.13631057739258
2018-03-08,43.25,42.25,42.75,43.25,291100.0,39.594051361083984
2018-03-09,43.25,42.0,43.25,42.25,394600.0,38.67857360839844
2018-03-12,43.25,42.5,42.75,43.0,392900.0,39.36518096923828
2018-03-13,43.25,42.5,43.0,43.0,316200.0,39.36518096923828
2018-03-14,43.25,43.0,43.0,43.0,54800.0,39.36518096923828
2018-03-15,43.25,43.0,43.25,43.0,51500.0,39.36518096923828
2018-03-16,43.25,42.75,43.0,43.0,133100.0,39.36518096923828
2018-03-19,43.25,42.75,43.25,42.75,132200.0,39.13631057739258
2018-03-20,43.0,42.5,42.75,42.5,94000.0,38.907447814941406
2018-03-21,43.0,42.5,42.75,43.0,85500.0,39.36518096923828
2018-03-22,43.0,42.25,43.0,42.5,648500.0,38.907447814941406
2018-03-23,42.5,42.0,42.0,42.0,238100.0,38.44970703125
2018-03-26,42.25,41.5,41.75,41.75,251100.0,38.22084045410156
2018-03-27,43.25,41.75,41.75,41.75,1509100.0,38.22084045410156
2018-03-28,42.0,41.0,41.75,41.0,706500.0,37.534236907958984
2018-03-29,41.25,40.25,41.0,40.75,581100.0,37.30537033081055
2018-03-30,41.0,40.25,40.75,40.25,276100.0,36.847633361816406
2018-04-02,40.5,40.0,40.25,40.25,196800.0,36.847633361816406
2018-04-03,40.5,39.75,40.5,40.0,278500.0,36.618770599365234
2018-04-04,40.25,38.25,40.0,39.0,919200.0,35.70329666137695
2018-04-05,39.5,38.5,39.0,39.5,238500.0,36.161033630371094
2018-04-09,39.5,38.75,39.0,39.5,189900.0,36.161033630371094
2018-04-10,39.75,39.0,39.25,39.75,200200.0,36.38990020751953
2018-04-11,40.0,39.5,39.5,40.0,209600.0,36.618770599365234
2018-04-12,40.25,39.25,39.75,40.0,228200.0,36.618770599365234
2018-04-17,40.25,39.5,40.0,40.25,130300.0,36.847633361816406
2018-04-18,40.5,40.0,40.0,40.5,123200.0,37.07650375366211
2018-04-19,41.0,40.25,40.5,41.0,321700.0,37.534236907958984
2018-04-20,41.0,40.25,41.0,40.5,163300.0,37.07650375366211
2018-04-23,40.5,40.0,40.5,40.25,145600.0,36.847633361816406
2018-04-24,40.5,39.75,40.5,39.75,176100.0,36.38990020751953
2018-04-25,40.0,39.25,40.0,39.25,350600.0,35.93217086791992
2018-04-26,39.5,39.0,39.5,39.0,315800.0,35.70329666137695
2018-04-27,39.5,38.5,39.5,38.75,338400.0,35.474430084228516
2018-04-30,39.25,38.75,39.0,39.25,151500.0,35.93217086791992
2018-05-02,39.75,39.0,39.25,39.75,75300.0,36.38990020751953
2018-05-03,40.0,39.25,39.75,39.75,272100.0,36.38990020751953
2018-05-04,39.25,38.75,39.0,39.25,230700.0,36.343605041503906
2018-05-07,39.25,39.0,39.25,39.0,53700.0,36.112117767333984
2018-05-08,39.5,38.75,39.25,38.75,150200.0,35.8806266784668
2018-05-09,39.0,38.5,39.0,39.0,295200.0,36.112117767333984
2018-05-10,39.0,38.5,39.0,39.0,137000.0,36.112117767333984
2018-05-11,39.25,38.75,39.0,39.0,43300.0,36.112117767333984
2018-05-14,39.5,39.0,39.0,39.0,103200.0,36.112117767333984
2018-05-15,39.25,38.75,39.25,39.0,143900.0,36.112117767333984
2018-05-16,39.0,38.75,39.0,39.0,197000.0,36.112117767333984
2018-05-17,39.0,38.5,39.0,38.5,124300.0,35.64914321899414
2018-05-18,38.75,38.25,38.75,38.25,351100.0,35.41765213012695
2018-05-21,39.5,38.25,38.5,39.25,530600.0,36.343605041503906
2018-05-22,39.5,38.75,39.25,38.75,513600.0,35.8806266784668
2018-05-23,39.25,38.75,38.75,38.75,306000.0,35.8806266784668
2018-05-24,39.0,38.25,38.75,38.75,534000.0,35.8806266784668
2018-05-25,39.0,38.25,38.75,39.0,262600.0,36.112117767333984
2018-05-28,39.25,38.75,38.75,39.0,273100.0,36.112117767333984
2018-05-30,39.25,38.5,38.75,39.25,311400.0,36.343605041503906
2018-05-31,39.25,38.75,39.25,39.25,239600.0,36.343605041503906
2018-06-01,39.25,38.75,39.0,39.25,306400.0,36.343605041503906
2018-06-04,39.25,39.0,39.25,39.25,157600.0,36.343605041503906
2018-06-05,40.5,39.0,39.0,40.5,1354300.0,37.50104522705078
2018-06-06,41.5,40.0,40.5,40.75,2523200.0,37.73253631591797
2018-06-07,41.75,40.75,41.25,41.0,1627400.0,37.964019775390625
2018-06-08,42.0,40.75,41.0,41.25,1005600.0,38.19550704956055
2018-06-11,41.75,41.0,41.5,41.5,200400.0,38.426998138427734
2018-06-12,42.25,41.5,41.75,42.0,1002000.0,38.889976501464844
2018-06-13,42.0,41.25,42.0,41.75,274300.0,38.65848159790039
2018-06-14,41.75,41.0,41.25,41.75,420100.0,38.65848159790039
2018-06-15,41.75,41.0,41.75,41.5,340200.0,38.426998138427734
2018-06-18,41.25,40.25,41.25,40.5,313800.0,37.50104522705078
2018-06-19,40.5,39.0,40.5,39.0,627900.0,36.112117767333984
2018-06-20,40.25,39.25,39.25,40.25,464800.0,37.26955795288086
2018-06-21,40.25,39.5,40.25,40.0,380400.0,37.03806686401367
2018-06-22,40.0,39.5,40.0,40.0,141600.0,37.03806686401367
2018-06-25,40.25,39.75,40.0,39.75,242000.0,36.806583404541016
2018-06-26,39.75,39.25,39.5,39.5,119000.0,36.57509231567383
2018-06-27,39.75,39.0,39.5,39.0,242300.0,36.112117767333984
2018-06-28,39.25,37.75,39.25,37.75,837400.0,34.95467758178711
2018-06-29,38.25,37.75,38.0,38.0,559300.0,35.18616485595703
2018-07-02,38.75,37.75,38.25,38.75,256600.0,35.8806266784668
2018-07-03,39.5,38.75,38.75,39.25,508800.0,36.343605041503906
2018-07-04,39.75,39.25,39.25,39.75,177100.0,36.806583404541016
2018-07-05,40.0,39.25,39.5,39.75,375800.0,36.806583404541016
2018-07-06,39.75,39.0,39.75,39.0,220900.0,36.112117767333984
2018-07-09,39.5,38.75,39.5,38.75,190400.0,35.8806266784668
2018-07-10,39.25,38.75,39.25,39.25,101000.0,36.343605041503906
2018-07-11,39.5,39.0,39.25,39.5,334700.0,36.57509231567383
2018-07-12,39.75,39.25,39.5,39.5,76300.0,36.57509231567383
2018-07-13,40.0,39.25,39.25,40.0,408000.0,37.03806686401367
2018-07-16,40.0,39.25,40.0,39.75,170700.0,36.806583404541016
2018-07-17,40.0,39.25,39.75,39.75,230200.0,36.806583404541016
2018-07-18,40.0,39.25,39.75,39.25,104000.0,36.343605041503906
2018-07-19,39.75,39.5,39.5,39.5,229000.0,36.57509231567383
2018-07-20,40.25,39.5,39.5,40.0,988100.0,37.03806686401367
2018-07-23,40.0,38.0,40.0,39.25,849400.0,36.343605041503906
2018-07-24,39.5,39.0,39.5,39.0,424800.0,36.112117767333984
2018-07-25,39.5,39.0,39.0,39.0,419800.0,36.112117767333984
2018-07-26,39.5,39.0,39.0,39.25,126300.0,36.343605041503906
2018-07-31,39.75,39.0,39.25,39.0,205600.0,36.112117767333984
2018-08-01,41.25,39.25,39.25,40.0,1823800.0,37.03806686401367
2018-08-02,40.0,39.25,39.75,39.5,320900.0,36.57509231567383
2018-08-03,40.0,39.5,39.75,39.75,133100.0,36.806583404541016
2018-08-06,40.5,39.75,40.0,39.75,673800.0,36.806583404541016
2018-08-07,40.0,39.5,39.75,39.75,111900.0,36.806583404541016
2018-08-08,40.75,39.75,39.75,40.75,794000.0,37.73253631591797
2018-08-09,42.25,40.75,41.0,41.5,2704600.0,38.426998138427734
2018-08-10,41.75,40.75,41.5,41.75,623300.0,38.65848159790039
2018-08-14,41.25,40.5,41.25,40.5,808800.0,37.50104522705078
2018-08-15,40.75,39.75,40.75,40.0,357400.0,37.03806686401367
2018-08-16,39.75,39.25,39.5,39.75,1494700.0,36.806583404541016
2018-08-17,40.25,39.75,40.0,39.75,156800.0,36.806583404541016
2018-08-20,40.5,40.0,40.0,40.25,176200.0,37.26955795288086
2018-08-21,40.5,40.0,40.5,40.25,219400.0,37.26955795288086
2018-08-22,40.25,39.75,40.25,39.75,66800.0,36.806583404541016
2018-08-23,40.25,39.75,40.25,39.75,168100.0,36.806583404541016
2018-08-24,40.0,39.75,39.75,39.75,95100.0,36.806583404541016
2018-08-27,41.25,40.0,40.0,40.75,887300.0,37.73253631591797
2018-08-28,41.25,40.75,41.25,40.75,317100.0,37.73253631591797
2018-08-29,41.0,40.5,41.0,40.5,170800.0,37.50104522705078
2018-08-30,41.25,40.75,40.75,41.0,300200.0,37.964019775390625
2018-08-31,41.25,40.75,41.25,41.0,310600.0,37.964019775390625
2018-09-03,41.25,41.0,41.25,41.25,185500.0,38.19550704956055
2018-09-04,41.25,40.75,41.25,40.75,287600.0,37.73253631591797
2018-09-05,40.5,39.5,40.5,39.75,280600.0,37.171451568603516
2018-09-06,40.5,39.25,39.5,40.5,658500.0,37.872802734375
2018-09-07,40.25,39.75,40.25,40.25,157900.0,37.63901901245117
2018-09-10,40.25,39.75,40.0,40.25,122900.0,37.63901901245117
2018-09-11,40.25,39.75,40.0,39.75,75500.0,37.171451568603516
2018-09-12,40.25,39.5,39.75,40.25,391400.0,37.63901901245117
2018-09-13,40.75,40.0,40.0,40.5,418100.0,37.872802734375
2018-09-14,41.0,40.25,40.5,40.25,224000.0,37.63901901245117
2018-09-17,40.25,39.75,40.0,39.75,245500.0,37.171451568603516
2018-09-18,40.75,40.0,40.0,40.5,224400.0,37.872802734375
2018-09-19,41.25,40.5,40.5,40.5,419100.0,37.872802734375
2018-09-20,40.75,39.75,40.5,40.0,537300.0,37.405235290527344
2018-09-21,41.5,40.0,40.25,40.5,1346700.0,37.872802734375
2018-09-24,41.0,40.25,40.5,40.25,479500.0,37.63901901245117
2018-09-25,40.75,40.0,40.75,40.25,198900.0,37.63901901245117
2018-09-26,40.75,40.0,40.75,40.0,413900.0,37.405235290527344
2018-09-27,40.25,39.5,40.0,40.0,276700.0,37.405235290527344
2018-09-28,40.25,40.0,40.0,40.0,83900.0,37.405235290527344
2018-10-01,40.25,39.75,40.25,40.0,94200.0,37.405235290527344
2018-10-02,40.0,39.75,39.75,40.0,163700.0,37.405235290527344
2018-10-03,40.25,39.75,40.0,40.0,164500.0,37.405235290527344
2018-10-04,40.0,39.25,40.0,40.0,597500.0,37.405235290527344
2018-10-05,40.0,39.5,40.0,39.75,221600.0,37.171451568603516
2018-10-08,40.5,39.5,39.5,40.5,721600.0,37.872802734375
2018-10-09,42.5,39.75,41.5,39.75,2691600.0,37.171451568603516
2018-10-10,41.0,40.25,40.5,41.0,653700.0,38.34036636352539
2018-10-11,40.25,39.75,40.0,40.25,450000.0,37.63901901245117
2018-10-12,40.75,40.0,40.5,40.75,324500.0,38.10658645629883
2018-10-16,41.0,40.5,40.75,41.0,231500.0,38.34036636352539
2018-10-17,41.25,40.75,41.0,40.75,369200.0,38.10658645629883
2018-10-18,41.0,40.25,40.75,40.75,239200.0,38.10658645629883
2018-10-19,40.75,40.0,40.75,40.5,343400.0,37.872802734375
2018-10-22,40.75,40.0,40.5,40.0,151200.0,37.405235290527344
2018-10-24,40.0,39.25,40.0,40.0,355400.0,37.405235290527344
2018-10-25,40.25,39.5,39.5,40.25,292800.0,37.63901901245117
2018-10-26,40.25,39.75,39.75,40.0,111400.0,37.405235290527344
2018-10-29,40.5,39.75,39.75,40.5,124800.0,37.872802734375
2018-10-30,40.75,40.0,40.5,40.5,40100.0,37.872802734375
2018-10-31,40.75,40.25,40.5,40.25,175000.0,37.63901901245117
2018-11-01,40.75,40.25,40.25,40.25,144800.0,37.63901901245117
2018-11-02,41.0,40.5,40.5,40.75,275500.0,38.10658645629883
2018-11-05,40.75,40.25,40.75,40.5,138800.0,37.872802734375
2018-11-06,40.75,40.25,40.5,40.25,176200.0,37.63901901245117
2018-11-07,40.5,40.25,40.5,40.5,67000.0,37.872802734375
2018-11-08,40.75,40.5,40.75,40.5,149200.0,37.872802734375
2018-11-09,40.75,40.25,40.75,40.25,119100.0,37.63901901245117
2018-11-12,40.5,39.75,40.25,39.75,236500.0,37.171451568603516
2018-11-13,40.25,39.5,39.5,40.25,190500.0,37.63901901245117
2018-11-14,40.25,39.75,40.25,40.25,178200.0,37.63901901245117
2018-11-15,40.75,40.0,40.0,40.75,364900.0,38.10658645629883
2018-11-16,40.75,40.25,40.5,40.75,136200.0,38.10658645629883
2018-11-19,40.75,40.5,40.5,40.5,156400.0,37.872802734375
2018-11-20,40.5,40.0,40.5,40.25,162200.0,37.63901901245117
2018-11-21,40.5,40.0,40.25,40.5,130500.0,37.872802734375
2018-11-22,40.5,40.0,40.5,40.25,166100.0,37.63901901245117
2018-11-23,40.5,40.0,40.25,40.5,105900.0,37.872802734375
2018-11-26,40.5,40.25,40.5,40.5,35900.0,37.872802734375
2018-11-27,40.75,40.5,40.75,40.5,35500.0,37.872802734375
2018-11-28,40.5,40.25,40.5,40.5,106400.0,37.872802734375
2018-11-29,40.5,39.75,40.5,39.75,187400.0,37.171451568603516
2018-11-30,40.75,39.75,40.0,40.75,579200.0,38.10658645629883
2018-12-03,40.75,40.5,40.75,40.75,416300.0,38.10658645629883
2018-12-04,41.25,40.25,40.75,40.25,612000.0,37.63901901245117
2018-12-06,40.25,40.0,40.25,40.0,139600.0,37.405235290527344
2018-12-07,40.25,39.75,40.0,39.75,342100.0,37.171451568603516
2018-12-11,40.25,39.75,39.75,40.25,174700.0,37.63901901245117
2018-12-12,40.25,39.75,40.25,40.0,230100.0,37.405235290527344
2018-12-13,40.25,39.5,40.0,40.0,342300.0,37.405235290527344
2018-12-14,40.0,39.5,39.75,39.75,158400.0,37.171451568603516
2018-12-17,40.0,38.25,39.75,39.0,609200.0,36.4701042175293
2018-12-18,39.0,38.5,38.75,38.75,255900.0,36.23632049560547
2018-12-19,39.5,38.75,38.75,39.5,317000.0,36.93767166137695
2018-12-20,40.0,39.0,39.5,40.0,324600.0,37.405235290527344
2018-12-21,39.75,39.5,39.5,39.5,237800.0,36.93767166137695
2018-12-24,39.5,39.25,39.5,39.5,153800.0,36.93767166137695
2018-12-25,39.5,38.75,39.25,39.0,214200.0,36.4701042175293
2018-12-26,39.0,38.75,39.0,39.0,83000.0,36.4701042175293
2018-12-27,39.25,38.0,39.25,38.25,647500.0,35.76875686645508
2018-12-28,38.75,38.0,38.25,38.25,792100.0,35.76875686645508
2019-01-02,38.5,37.75,38.25,38.0,753800.0,35.53497314453125
2019-01-03,38.5,37.25,38.25,37.25,453200.0,34.83362579345703
2019-01-04,37.5,37.0,37.25,37.5,394600.0,35.06740951538086
2019-01-07,37.75,37.25,37.5,37.5,248500.0,35.06740951538086
2019-01-08,37.75,37.5,37.5,37.75,110500.0,35.30119323730469
2019-01-09,38.0,37.5,38.0,37.5,163600.0,35.06740951538086
2019-01-10,38.0,37.5,37.75,37.75,96700.0,35.30119323730469
2019-01-11,37.75,37.25,37.75,37.75,96300.0,35.30119323730469
2019-01-14,37.75,37.5,37.75,37.5,79000.0,35.06740951538086
2019-01-15,38.0,37.25,38.0,37.25,173900.0,34.83362579345703
2019-01-16,37.5,36.75,37.5,37.0,319700.0,34.59984588623047
2019-01-17,37.75,37.0,37.0,37.25,105800.0,34.83362579345703
2019-01-18,38.0,37.25,37.5,37.25,123500.0,34.83362579345703
2019-01-21,38.0,37.25,37.25,37.5,87700.0,35.06740951538086
2019-01-22,38.0,37.5,37.75,37.75,52600.0,35.30119323730469
2019-01-23,38.5,37.75,38.0,38.25,227400.0,35.76875686645508
2019-01-24,39.0,38.5,38.5,38.75,180700.0,36.23632049560547
2019-01-25,39.0,38.5,39.0,38.5,98600.0,36.002540588378906
2019-01-28,38.75,38.25,38.5,38.25,108300.0,35.76875686645508
2019-01-29,38.5,37.5,38.5,37.75,434100.0,35.30119323730469
2019-01-30,38.0,37.5,37.75,37.75,120400.0,35.30119323730469
2019-01-31,38.5,38.0,38.0,38.0,137300.0,35.53497314453125
2019-02-01,39.0,38.25,38.25,38.25,228900.0,35.76875686645508
2019-02-04,38.75,38.0,38.5,38.5,83400.0,36.002540588378906
2019-02-05,38.75,38.25,38.75,38.5,69800.0,36.002540588378906
2019-02-06,38.75,38.25,38.75,38.5,143200.0,36.002540588378906
2019-02-07,38.75,38.25,38.5,38.25,196900.0,35.76875686645508
2019-02-08,38.5,38.0,38.25,38.0,139300.0,35.53497314453125
2019-02-11,38.0,37.75,38.0,38.0,300200.0,35.53497314453125
2019-02-12,38.25,37.75,38.0,38.0,54600.0,35.53497314453125
2019-02-13,38.5,38.0,38.25,38.25,79600.0,35.76875686645508
2019-02-14,38.25,38.0,38.25,38.0,34600.0,35.53497314453125
2019-02-15,38.25,37.75,38.25,38.0,91600.0,35.53497314453125
2019-02-18,38.25,37.25,38.25,37.5,507600.0,35.06740951538086
2019-02-20,37.75,37.5,37.75,37.5,327500.0,35.06740951538086
2019-02-21,38.25,37.75,37.75,38.25,172900.0,35.76875686645508
2019-02-22,38.25,38.0,38.25,38.25,85600.0,35.76875686645508
2019-02-25,38.75,38.25,38.25,38.5,296100.0,36.002540588378906
2019-02-26,38.5,38.25,38.5,38.5,114500.0,36.002540588378906
2019-02-27,38.5,38.25,38.5,38.5,42700.0,36.002540588378906
2019-02-28,39.0,38.5,38.5,38.5,439700.0,36.002540588378906
2019-03-01,38.75,38.25,38.5,38.25,126900.0,35.76875686645508
2019-03-04,38.5,38.25,38.5,38.25,42700.0,35.76875686645508
2019-03-05,38.75,38.0,38.5,38.0,124100.0,35.53497314453125
2019-03-06,38.25,37.75,38.25,37.75,183000.0,35.30119323730469
2019-03-07,38.25,37.75,38.0,37.75,53600.0,35.30119323730469
2019-03-08,38.0,37.75,38.0,37.75,30100.0,35.30119323730469
2019-03-11,38.25,37.75,37.75,38.25,32700.0,35.76875686645508
2019-03-12,38.25,38.0,38.25,38.0,3300.0,35.53497314453125
2019-03-13,38.0,37.5,38.0,37.5,367200.0,35.06740951538086
2019-03-14,38.0,37.5,37.75,37.5,193100.0,35.06740951538086
2019-03-15,37.75,37.0,37.75,37.0,471800.0,34.59984588623047
2019-03-18,37.5,37.0,37.25,37.5,292400.0,35.06740951538086
2019-03-19,37.75,37.5,37.5,37.75,133400.0,35.30119323730469
2019-03-20,37.75,37.0,37.75,37.25,230400.0,34.83362579345703
2019-03-21,37.5,37.25,37.25,37.25,79900.0,34.83362579345703
2019-03-22,37.75,37.25,37.25,37.5,87700.0,35.06740951538086
2019-03-25,37.5,36.5,37.5,37.0,506100.0,34.59984588623047
2019-03-26,37.25,37.0,37.25,37.0,88900.0,34.59984588623047
2019-03-27,37.5,37.0,37.0,37.25,130100.0,34.83362579345703
2019-03-28,37.5,37.0,37.25,37.0,93500.0,34.59984588623047
2019-03-29,37.5,37.0,37.0,37.0,69200.0,34.59984588623047
2019-04-01,37.5,37.25,37.25,37.25,163300.0,34.83362579345703
2019-04-02,37.5,37.25,37.25,37.25,168800.0,34.83362579345703
2019-04-03,38.0,37.5,37.5,37.5,298600.0,35.06740951538086
2019-04-04,37.75,37.5,37.5,37.75,57700.0,35.30119323730469
2019-04-05,37.75,37.0,37.75,37.0,176400.0,34.59984588623047
2019-04-09,37.25,37.0,37.0,37.0,300200.0,34.59984588623047
2019-04-10,37.25,36.75,37.25,37.0,181700.0,34.59984588623047
2019-04-11,37.25,37.0,37.0,37.25,100200.0,34.83362579345703
2019-04-12,37.5,37.25,37.5,37.25,19600.0,34.83362579345703
2019-04-17,37.5,37.25,37.5,37.5,147200.0,35.06740951538086
2019-04-18,37.5,37.25,37.5,37.5,52800.0,35.06740951538086
2019-04-19,39.5,37.5,37.75,38.0,2557600.0,35.53497314453125
2019-04-22,38.25,37.75,38.25,38.25,1012400.0,35.76875686645508
2019-04-23,38.5,38.0,38.25,38.25,299800.0,35.76875686645508
2019-04-24,38.5,38.0,38.25,38.25,244100.0,35.76875686645508
2019-04-25,39.0,38.25,38.25,38.75,1503200.0,36.23632049560547
2019-04-26,38.75,38.25,38.75,38.5,168300.0,36.002540588378906
2019-04-29,38.75,38.5,38.5,38.5,286500.0,36.002540588378906
2019-04-30,39.0,38.5,38.5,38.5,311300.0,36.002540588378906
2019-05-02,38.75,38.5,38.75,38.5,189200.0,36.002540588378906
2019-05-03,39.0,38.5,38.75,38.5,238300.0,36.002540588378906
2019-05-07,39.0,38.5,38.5,38.75,427900.0,36.23632049560547
2019-05-08,38.25,37.75,38.0,38.25,223200.0,36.18901824951172
2019-05-09,38.25,37.75,38.25,37.75,110200.0,35.71595764160156
2019-05-10,38.25,37.75,38.0,38.0,149700.0,35.95248794555664
2019-05-13,38.0,37.5,38.0,37.5,246200.0,35.479427337646484
2019-05-14,37.75,37.25,37.5,37.25,87700.0,35.242897033691406
2019-05-15,38.0,37.25,37.5,37.25,347400.0,35.242897033691406
2019-05-16,37.5,37.0,37.25,37.25,159800.0,35.242897033691406
2019-05-17,37.5,37.0,37.5,37.0,84000.0,35.006370544433594
2019-05-21,37.5,37.0,37.25,37.0,81300.0,35.006370544433594
2019-05-22,37.75,37.25,37.25,37.25,114300.0,35.242897033691406
2019-05-23,37.5,37.0,37.25,37.25,76700.0,35.242897033691406
2019-05-24,37.75,37.0,37.25,37.5,145700.0,35.479427337646484
2019-05-27,37.75,37.25,37.75,37.5,54500.0,35.479427337646484
2019-05-28,37.75,37.0,37.5,37.25,86200.0,35.242897033691406
2019-05-29,37.5,36.5,37.25,36.75,354700.0,34.76983642578125
2019-05-30,37.25,36.75,36.75,36.75,257700.0,34.76983642578125
2019-05-31,37.25,36.75,36.75,36.75,372400.0,34.76983642578125
2019-06-04,37.25,36.75,37.0,37.0,205400.0,35.006370544433594
2019-06-05,37.5,37.25,37.25,37.25,102600.0,35.242897033691406
2019-06-06,37.5,37.0,37.25,37.25,455700.0,35.242897033691406
2019-06-07,37.5,37.0,37.25,37.0,265100.0,35.006370544433594
2019-06-10,37.75,37.25,37.25,37.25,433000.0,35.242897033691406
2019-06-11,37.75,37.5,37.5,37.5,428000.0,35.479427337646484
2019-06-12,38.75,37.5,37.5,38.25,820300.0,36.18901824951172
2019-06-13,38.75,38.25,38.25,38.75,469400.0,36.66207504272461
2019-06-14,38.75,38.25,38.75,38.25,437500.0,36.18901824951172
2019-06-17,38.5,37.75,38.25,37.75,552600.0,35.71595764160156
2019-06-18,38.0,37.75,37.75,37.75,402200.0,35.71595764160156
2019-06-19,38.75,38.0,38.0,38.0,859600.0,35.95248794555664
2019-06-20,39.5,38.0,38.0,38.75,1213200.0,36.66207504272461
2019-06-21,39.25,38.75,39.25,38.75,1154700.0,36.66207504272461
2019-06-24,39.75,38.5,39.0,39.25,1586900.0,37.135135650634766
2019-06-25,39.5,38.75,39.25,38.75,1014400.0,36.66207504272461
2019-06-26,39.0,38.75,38.75,38.75,250000.0,36.66207504272461
2019-06-27,39.25,38.75,38.75,38.75,220200.0,36.66207504272461
2019-06-28,39.0,38.5,39.0,38.5,422200.0,36.42554473876953
2019-07-01,39.0,38.75,38.75,39.0,247400.0,36.89860534667969
2019-07-02,39.0,38.5,39.0,38.5,383800.0,36.42554473876953
2019-07-03,38.75,38.25,38.5,38.25,502200.0,36.18901824951172
2019-07-04,38.5,38.0,38.25,38.0,311100.0,35.95248794555664
2019-07-05,38.5,38.0,38.0,38.0,148400.0,35.95248794555664
2019-07-08,38.75,38.0,38.0,38.5,134100.0,36.42554473876953
2019-07-09,38.75,38.0,38.25,38.5,348700.0,36.42554473876953
2019-07-10,38.75,38.5,38.5,38.5,146500.0,36.42554473876953
2019-07-11,38.75,38.25,38.5,38.25,253900.0,36.18901824951172
2019-07-12,38.5,38.0,38.25,38.0,186300.0,35.95248794555664
2019-07-15,38.5,38.0,38.0,38.25,258700.0,36.18901824951172
2019-07-17,38.5,38.25,38.5,38.25,84200.0,36.18901824951172
2019-07-18,38.25,38.0,38.25,38.0,293400.0,35.95248794555664
2019-07-19,39.0,38.25,38.25,38.25,637600.0,36.18901824951172
2019-07-22,38.75,38.25,38.75,38.75,373100.0,36.66207504272461
2019-07-23,39.25,38.75,38.75,39.25,1412400.0,37.135135650634766
2019-07-24,40.5,39.25,39.25,40.0,1423100.0,37.844722747802734
2019-07-25,40.25,39.75,39.75,40.25,1144600.0,38.08125305175781
2019-07-26,40.5,39.75,40.25,40.25,529400.0,38.08125305175781
2019-07-30,40.25,39.0,40.0,39.5,366200.0,37.37166213989258
2019-07-31,39.5,39.0,39.5,39.25,418900.0,37.135135650634766
2019-08-01,39.25,38.5,39.0,39.0,328100.0,36.89860534667969
2019-08-02,38.75,38.25,38.5,38.5,224200.0,36.42554473876953
2019-08-05,38.5,38.0,38.25,38.25,320200.0,36.18901824951172
2019-08-06,38.25,37.5,37.75,38.0,433500.0,35.95248794555664
2019-08-07,38.0,37.0,37.75,37.0,1975000.0,35.006370544433594
2019-08-08,37.25,36.75,37.0,37.0,541500.0,35.006370544433594
2019-08-09,37.25,36.75,37.0,36.75,136600.0,34.76983642578125
2019-08-13,36.75,36.25,36.75,36.25,316300.0,34.29677963256836
2019-08-14,36.75,35.0,36.5,35.25,760400.0,33.35066223144531
2019-08-15,35.5,34.0,35.5,34.0,672500.0,32.16801452636719
2019-08-16,35.0,34.25,34.25,34.75,974000.0,32.877601623535156
2019-08-19,35.5,35.0,35.0,35.25,298600.0,33.35066223144531
2019-08-20,36.0,34.75,35.75,35.5,332900.0,33.58719253540039
2019-08-21,35.5,34.5,35.5,34.75,501700.0,32.877601623535156
2019-08-22,34.75,34.25,34.75,34.5,379700.0,32.641075134277344
2019-08-23,35.0,34.5,34.5,34.5,263600.0,32.641075134277344
2019-08-26,34.75,34.0,34.5,34.25,214300.0,32.404544830322266
2019-08-27,34.5,34.0,34.5,34.0,166600.0,32.16801452636719
2019-08-28,34.25,34.0,34.0,34.0,84500.0,32.16801452636719
2019-08-29,34.75,34.25,34.25,34.75,147500.0,32.877601623535156
2019-08-30,35.25,34.75,34.75,35.0,316200.0,33.114131927490234
2019-09-02,35.25,34.25,35.0,34.25,392000.0,32.404544830322266
2019-09-03,35.0,34.0,34.5,34.25,702400.0,32.404544830322266
2019-09-04,35.25,34.25,34.5,34.25,1115300.0,32.404544830322266
2019-09-05,34.75,34.25,34.75,34.5,208100.0,32.641075134277344
2019-09-06,35.0,34.25,34.75,34.25,571000.0,32.404544830322266
2019-09-09,34.75,34.25,34.5,34.5,193100.0,32.641075134277344
2019-09-10,35.0,34.5,34.5,34.75,393900.0,32.877601623535156
2019-09-11,35.0,34.25,34.5,34.75,773300.0,33.26045608520508
2019-09-12,35.75,34.75,35.0,35.0,1849300.0,33.4997444152832
2019-09-13,35.5,35.0,35.25,35.0,387500.0,33.4997444152832
2019-09-16,35.25,34.5,35.25,34.75,324500.0,33.26045608520508
2019-09-17,35.0,34.25,35.0,35.0,775600.0,33.4997444152832
2019-09-18,35.0,34.25,35.0,34.5,393200.0,33.02117156982422
2019-09-19,34.75,34.25,34.5,34.25,449300.0,32.781890869140625
2019-09-20,34.5,34.0,34.5,34.0,296000.0,32.542606353759766
2019-09-23,34.25,33.75,34.25,33.75,367200.0,32.303321838378906
2019-09-24,34.0,33.5,33.75,33.75,262700.0,32.303321838378906
2019-09-25,33.75,33.25,33.75,33.5,378500.0,32.06404113769531
2019-09-26,34.25,33.5,33.5,33.5,104300.0,32.06404113769531
2019-09-27,34.0,33.5,33.75,33.75,142400.0,32.303321838378906
2019-09-30,33.75,33.25,33.75,33.25,372800.0,31.82475471496582
2019-10-01,33.5,33.25,33.25,33.25,62700.0,31.82475471496582
2019-10-02,33.25,33.0,33.25,33.0,196800.0,31.58547019958496
2019-10-03,33.0,32.5,33.0,32.75,175000.0,31.346187591552734
2019-10-04,33.0,32.25,33.0,32.5,288100.0,31.106903076171875
2019-10-07,33.25,32.75,32.75,33.25,90200.0,31.82475471496582
2019-10-08,33.5,33.0,33.25,33.0,113700.0,31.58547019958496
2019-10-09,33.25,32.5,33.0,32.75,127200.0,31.346187591552734
2019-10-10,32.75,32.25,32.75,32.25,156400.0,30.867618560791016
2019-10-11,32.5,32.0,32.25,32.25,178400.0,30.867618560791016
2019-10-15,32.5,32.25,32.5,32.25,116500.0,30.867618560791016
2019-10-16,32.75,32.25,32.25,32.5,167000.0,31.106903076171875
2019-10-17,32.75,32.0,32.5,32.5,217900.0,31.106903076171875
2019-10-18,33.0,32.25,32.5,33.0,172900.0,31.58547019958496
2019-10-21,33.25,32.5,33.0,32.75,187800.0,31.346187591552734
2019-10-22,33.25,32.75,33.0,33.0,133000.0,31.58547019958496
2019-10-24,33.0,32.25,32.75,32.5,181100.0,31.106903076171875
2019-10-25,32.5,31.25,32.5,31.25,398400.0,29.91048240661621
2019-10-28,31.25,30.5,31.25,30.75,231500.0,29.431915283203125
2019-10-29,30.75,30.5,30.75,30.5,190000.0,29.192630767822266
2019-10-30,31.5,30.5,30.75,31.25,189900.0,29.91048240661621
2019-10-31,32.25,31.25,31.25,31.75,179100.0,30.38905143737793
2019-11-01,32.0,31.25,31.75,31.25,76400.0,29.91048240661621
2019-11-04,32.25,31.5,31.5,31.75,153100.0,30.38905143737793
2019-11-05,32.25,31.75,32.25,31.75,87500.0,30.38905143737793
2019-11-06,32.75,31.75,32.0,31.75,322900.0,30.38905143737793
2019-11-07,32.25,31.75,32.0,32.0,111100.0,30.628334045410156
2019-11-08,32.75,32.25,32.25,32.5,107000.0,31.106903076171875
2019-11-11,32.75,32.25,32.5,32.75,122200.0,31.346187591552734
2019-11-12,33.0,32.5,32.75,32.75,133900.0,31.346187591552734
2019-11-13,32.75,32.25,32.75,32.25,145700.0,30.867618560791016
2019-11-14,32.25,31.75,32.25,32.25,109500.0,30.867618560791016
2019-11-15,32.5,31.5,32.5,32.0,152200.0,30.628334045410156
2019-11-18,32.25,31.75,31.75,32.25,126500.0,30.867618560791016
2019-11-19,32.5,32.0,32.0,32.25,58200.0,30.867618560791016
2019-11-20,32.5,31.75,32.0,32.5,141200.0,31.106903076171875
2019-11-21,32.5,32.0,32.5,32.25,136100.0,30.867618560791016
2019-11-22,32.5,32.25,32.25,32.5,102500.0,31.106903076171875
2019-11-25,32.75,32.25,32.5,32.75,193500.0,31.346187591552734
2019-11-26,32.75,32.5,32.75,32.75,67400.0,31.346187591552734
2019-11-27,33.0,32.5,33.0,32.5,326200.0,31.106903076171875
2019-11-28,32.75,32.5,32.75,32.5,77700.0,31.106903076171875
2019-11-29,32.75,32.25,32.75,32.25,109700.0,30.867618560791016
2019-12-02,32.5,31.5,32.5,31.5,252300.0,30.14976692199707
2019-12-03,31.75,31.25,31.5,31.25,375800.0,29.91048240661621
2019-12-04,31.5,31.25,31.25,31.25,89500.0,29.91048240661621
2019-12-06,31.5,31.0,31.5,31.0,140800.0,29.671199798583984
2019-12-09,31.0,30.75,30.75,30.75,185900.0,29.431915283203125
2019-12-11,31.0,29.75,31.0,30.0,387400.0,28.71406364440918
2019-12-12,30.75,30.0,30.5,30.0,368300.0,28.71406364440918
2019-12-13,30.5,30.0,30.25,30.25,382700.0,28.95334815979004
2019-12-16,30.5,29.5,30.0,29.5,437200.0,28.235496520996094
2019-12-17,30.0,29.25,29.75,29.25,491700.0,27.996212005615234
2019-12-18,29.75,29.25,29.5,29.25,519200.0,27.996212005615234
2019-12-19,29.75,29.0,29.25,29.25,784700.0,27.996212005615234
2019-12-20,30.25,29.5,29.5,29.75,977800.0,28.47477912902832
2019-12-23,30.0,29.5,29.75,29.75,159700.0,28.47477912902832
2019-12-24,29.75,29.0,29.75,29.25,612300.0,27.996212005615234
2019-12-25,29.5,29.25,29.25,29.25,699600.0,27.996212005615234
2019-12-26,29.75,29.25,29.25,29.75,333000.0,28.47477912902832
2019-12-27,30.0,29.5,29.5,29.75,424600.0,28.47477912902832
2019-12-30,30.0,29.75,29.75,30.0,124700.0,28.71406364440918
2020-01-02,30.5,29.75,30.0,30.0,506900.0,28.71406364440918
2020-01-03,30.5,29.75,30.25,29.75,538000.0,28.47477912902832
2020-01-06,29.75,29.0,29.75,29.0,621300.0,27.756927490234375
2020-01-07,29.75,29.25,29.25,29.5,419400.0,28.235496520996094
2020-01-08,29.5,29.0,29.5,29.5,308900.0,28.235496520996094
2020-01-09,30.0,29.5,29.5,29.75,311300.0,28.47477912902832
2020-01-10,30.0,29.75,29.75,29.75,203500.0,28.47477912902832
2020-01-13,29.75,29.5,29.75,29.5,111700.0,28.235496520996094
2020-01-14,29.75,29.25,29.5,29.5,272300.0,28.235496520996094
2020-01-15,29.5,29.25,29.5,29.5,101900.0,28.235496520996094
2020-01-16,30.0,29.25,29.5,30.0,273200.0,28.71406364440918
2020-01-17,30.5,30.0,30.25,30.0,199800.0,28.71406364440918
2020-01-20,29.75,29.25,29.75,29.5,428700.0,28.235496520996094
2020-01-21,30.5,29.75,30.0,30.0,597400.0,28.71406364440918
2020-01-22,30.0,29.25,30.0,29.75,685700.0,28.47477912902832
2020-01-23,29.75,29.0,29.75,29.5,438500.0,28.235496520996094
2020-01-24,29.5,29.25,29.5,29.5,113300.0,28.235496520996094
2020-01-27,29.25,28.75,29.25,28.75,391400.0,27.51764488220215
2020-01-28,29.25,28.5,28.75,28.5,488600.0,27.27836036682129
2020-01-29,28.75,28.25,28.75,28.25,390400.0,27.03907585144043
2020-01-30,28.5,28.0,28.25,28.25,531600.0,27.03907585144043
2020-01-31,28.75,28.0,28.5,28.0,611800.0,26.799793243408203
2020-02-03,28.5,27.75,28.25,28.0,440300.0,26.799793243408203
2020-02-04,28.5,28.0,28.0,28.25,429200.0,27.03907585144043
2020-02-05,28.5,28.0,28.5,28.25,264100.0,27.03907585144043
2020-02-06,29.25,28.25,28.25,28.75,462000.0,27.51764488220215
2020-02-07,29.25,28.75,28.75,28.75,386000.0,27.51764488220215
2020-02-11,29.0,27.75,28.75,28.0,741400.0,26.799793243408203
2020-02-12,28.5,28.0,28.25,28.25,170500.0,27.03907585144043
2020-02-13,28.5,28.25,28.25,28.25,110600.0,27.03907585144043
2020-02-14,28.75,28.25,28.5,28.25,171400.0,27.03907585144043
2020-02-17,28.5,28.25,28.5,28.25,114500.0,27.03907585144043
2020-02-18,28.75,28.25,28.25,28.5,323600.0,27.27836036682129
2020-02-19,28.5,28.0,28.5,28.25,425100.0,27.03907585144043
2020-02-20,28.5,28.0,28.5,28.25,77300.0,27.03907585144043
2020-02-21,28.25,27.75,28.0,28.25,199200.0,27.03907585144043
2020-02-24,28.0,27.0,28.0,27.0,480700.0,25.8426570892334
2020-02-25,27.0,26.25,26.5,26.5,248900.0,25.364089965820312
2020-02-26,26.5,25.0,26.5,25.0,400600.0,23.928386688232422
2020-02-27,25.75,24.600000381469727,24.600000381469727,25.5,268500.0,24.406953811645508
2020-02-28,25.0,24.399999618530273,24.600000381469727,24.5,458600.0,23.449819564819336
2020-03-02,24.700000762939453,23.899999618530273,24.600000381469727,24.200000762939453,389200.0,23.16267967224121
2020-03-03,25.25,24.399999618530273,24.5,24.799999237060547,296600.0,23.736957550048828
2020-03-04,25.25,24.5,24.600000381469727,24.600000381469727,223300.0,23.545534133911133
2020-03-05,25.0,24.600000381469727,24.899999618530273,24.700000762939453,201100.0,23.641244888305664
2020-03-06,24.700000762939453,24.100000381469727,24.5,24.299999237060547,271700.0,23.258390426635742
2020-03-09,23.799999237060547,23.0,23.799999237060547,23.0,497300.0,22.014116287231445
2020-03-10,23.299999237060547,22.799999237060547,23.0,23.0,260800.0,22.014116287231445
2020-03-11,23.200000762939453,23.0,23.0,23.0,189400.0,22.014116287231445
2020-03-12,22.600000381469727,21.0,22.5,21.5,733500.0,20.578413009643555
2020-03-13,21.600000381469727,17.700000762939453,19.5,21.5,662400.0,20.578413009643555
2020-03-16,20.700000762939453,19.399999618530273,20.0,19.5,421500.0,18.664140701293945
2020-03-17,19.5,18.600000381469727,19.5,18.799999237060547,571700.0,17.9941463470459
2020-03-18,19.399999618530273,18.899999618530273,18.899999618530273,19.200000762939453,195600.0,18.37700080871582
2020-03-19,18.700000762939453,18.100000381469727,18.600000381469727,18.200000762939453,776000.0,17.41986656188965
2020-03-20,20.0,18.5,20.0,18.899999618530273,773200.0,18.089860916137695
2020-03-23,18.5,17.799999237060547,18.299999237060547,17.799999237060547,435600.0,17.037010192871094
2020-03-24,18.299999237060547,17.799999237060547,18.200000762939453,18.100000381469727,202900.0,17.32415199279785
2020-03-25,18.600000381469727,18.200000762939453,18.299999237060547,18.299999237060547,420300.0,17.51557731628418
2020-03-26,18.600000381469727,18.200000762939453,18.299999237060547,18.399999618530273,739600.0,17.611291885375977
2020-03-27,19.5,18.5,18.700000762939453,18.5,1225800.0,17.707006454467773
2020-03-30,18.399999618530273,18.399999618530273,18.399999618530273,18.399999618530273,47700.0,17.611291885375977
2020-03-31,19.0,18.700000762939453,18.799999237060547,19.0,318300.0,18.185575485229492
2020-04-01,19.600000381469727,18.799999237060547,19.399999618530273,19.0,502700.0,18.185575485229492
2020-04-02,19.200000762939453,19.0,19.0,19.0,202100.0,18.185575485229492
2020-04-03,19.200000762939453,18.899999618530273,19.100000381469727,19.100000381469727,185100.0,18.281286239624023
2020-04-07,20.200000762939453,19.200000762939453,19.399999618530273,20.0,1198200.0,19.142709732055664
2020-04-08,20.100000381469727,19.299999237060547,20.0,20.0,1555300.0,19.58333396911621
2020-04-09,20.5,19.600000381469727,20.200000762939453,19.799999237060547,2152800.0,19.38749885559082
2020-04-10,20.100000381469727,19.799999237060547,19.899999618530273,20.0,583700.0,19.58333396911621
2020-04-13,20.100000381469727,19.799999237060547,19.899999618530273,20.100000381469727,439300.0,19.681251525878906
2020-04-14,20.899999618530273,20.200000762939453,20.200000762939453,20.899999618530273,1149700.0,20.464582443237305
2020-04-15,21.5,20.700000762939453,21.100000381469727,21.0,1440800.0,20.5625
2020-04-16,20.899999618530273,20.200000762939453,20.899999618530273,20.200000762939453,468900.0,19.77916717529297
2020-04-17,20.700000762939453,20.399999618530273,20.5,20.5,256100.0,20.072917938232422
2020-04-20,21.200000762939453,20.5,20.600000381469727,21.200000762939453,789400.0,20.75833511352539
2020-04-21,21.200000762939453,20.899999618530273,21.100000381469727,21.100000381469727,524800.0,20.660417556762695
2020-04-22,21.299999237060547,20.799999237060547,21.200000762939453,21.200000762939453,686100.0,20.75833511352539
2020-04-23,21.399999618530273,21.100000381469727,21.200000762939453,21.399999618530273,643900.0,20.954166412353516
2020-04-24,21.5,21.299999237060547,21.5,21.5,247200.0,21.05208396911621
2020-04-27,21.799999237060547,21.200000762939453,21.700000762939453,21.399999618530273,226200.0,20.954166412353516
2020-04-28,21.399999618530273,20.799999237060547,21.399999618530273,21.100000381469727,263600.0,20.660417556762695
2020-04-29,21.399999618530273,21.0,21.0,21.200000762939453,267900.0,20.75833511352539
2020-04-30,21.799999237060547,21.299999237060547,21.5,21.600000381469727,426000.0,21.150001525878906
2020-05-05,21.600000381469727,21.299999237060547,21.5,21.600000381469727,426900.0,21.600000381469727
2020-05-07,21.600000381469727,20.899999618530273,21.600000381469727,20.899999618530273,332500.0,20.899999618530273
2020-05-08,21.200000762939453,20.799999237060547,20.799999237060547,20.899999618530273,170200.0,20.899999618530273
2020-05-11,21.299999237060547,21.0,21.100000381469727,21.299999237060547,188800.0,21.299999237060547
2020-05-12,21.5,21.299999237060547,21.299999237060547,21.5,134500.0,21.5
2020-05-13,21.399999618530273,21.200000762939453,21.399999618530273,21.299999237060547,119100.0,21.299999237060547
2020-05-14,21.299999237060547,20.899999618530273,21.299999237060547,20.899999618530273,222100.0,20.899999618530273
2020-05-15,21.299999237060547,20.899999618530273,21.0,21.100000381469727,149800.0,21.100000381469727
2020-05-18,21.299999237060547,21.0,21.200000762939453,21.299999237060547,136800.0,21.299999237060547
2020-05-19,21.5,21.200000762939453,21.299999237060547,21.5,548300.0,21.5
2020-05-20,21.5,21.299999237060547,21.5,21.5,269800.0,21.5
2020-05-21,21.600000381469727,21.299999237060547,21.5,21.600000381469727,232900.0,21.600000381469727
2020-05-22,21.5,20.700000762939453,21.5,21.200000762939453,194300.0,21.200000762939453
2020-05-25,21.299999237060547,21.100000381469727,21.100000381469727,21.299999237060547,244900.0,21.299999237060547
2020-05-26,21.600000381469727,21.299999237060547,21.5,21.600000381469727,293900.0,21.600000381469727
2020-05-27,22.299999237060547,21.600000381469727,21.700000762939453,22.299999237060547,779500.0,22.299999237060547
2020-05-28,23.600000381469727,22.899999618530273,23.0,22.899999618530273,1380900.0,22.899999618530273
2020-05-29,22.700000762939453,22.100000381469727,22.700000762939453,22.399999618530273,436700.0,22.399999618530273
2020-06-01,23.0,22.600000381469727,23.0,22.799999237060547,460800.0,22.799999237060547
2020-06-02,23.100000381469727,22.700000762939453,23.0,23.100000381469727,428700.0,23.100000381469727
2020-06-04,26.5,23.5,23.600000381469727,26.25,4507100.0,26.25
2020-06-05,28.0,26.0,27.25,26.75,3317200.0,26.75
2020-06-08,27.5,25.5,27.0,27.5,2173800.0,27.5
2020-06-09,28.0,25.75,27.25,26.75,1762800.0,26.75
2020-06-10,27.0,26.0,26.75,26.75,638200.0,26.75
2020-06-11,26.5,25.5,26.5,26.0,492700.0,26.0
2020-06-12,25.75,24.399999618530273,24.399999618530273,25.75,791300.0,25.75
2020-06-15,25.5,24.0,25.5,24.200000762939453,803400.0,24.200000762939453
2020-06-16,25.0,24.600000381469727,24.899999618530273,24.700000762939453,261600.0,24.700000762939453
2020-06-17,25.0,24.299999237060547,24.600000381469727,24.700000762939453,282700.0,24.700000762939453
2020-06-18,24.600000381469727,24.299999237060547,24.600000381469727,24.399999618530273,349400.0,24.399999618530273
2020-06-19,24.700000762939453,24.299999237060547,24.5,24.700000762939453,271100.0,24.700000762939453
2020-06-22,23.299999237060547,22.700000762939453,23.100000381469727,23.299999237060547,3268600.0,23.299999237060547
2020-06-23,23.600000381469727,23.100000381469727,23.399999618530273,23.399999618530273,363200.0,23.399999618530273
2020-06-24,23.899999618530273,23.200000762939453,23.5,23.200000762939453,570300.0,23.200000762939453
2020-06-25,23.299999237060547,22.799999237060547,23.0,23.299999237060547,476500.0,23.299999237060547
2020-06-26,23.600000381469727,22.899999618530273,23.399999618530273,22.899999618530273,312200.0,22.899999618530273
2020-06-29,23.0,22.600000381469727,22.899999618530273,23.0,269400.0,23.0
2020-06-30,23.299999237060547,22.799999237060547,23.299999237060547,22.799999237060547,440300.0,22.799999237060547
2020-07-01,23.100000381469727,22.700000762939453,22.899999618530273,23.100000381469727,395500.0,23.100000381469727
2020-07-02,23.299999237060547,22.799999237060547,23.100000381469727,23.200000762939453,512500.0,23.200000762939453
2020-07-03,23.299999237060547,22.700000762939453,23.299999237060547,23.100000381469727,539500.0,23.100000381469727
2020-07-07,23.200000762939453,22.700000762939453,23.200000762939453,22.700000762939453,595900.0,22.700000762939453
2020-07-08,22.899999618530273,22.600000381469727,22.700000762939453,22.799999237060547,414300.0,22.799999237060547
2020-07-09,22.899999618530273,22.600000381469727,22.700000762939453,22.899999618530273,339500.0,22.899999618530273
2020-07-10,22.700000762939453,22.399999618530273,22.700000762939453,22.700000762939453,314400.0,22.700000762939453
2020-07-13,22.700000762939453,22.200000762939453,22.700000762939453,22.200000762939453,779700.0,22.200000762939453
2020-07-14,22.200000762939453,21.799999237060547,22.100000381469727,21.799999237060547,871200.0,21.799999237060547
2020-07-15,22.0,21.600000381469727,21.799999237060547,21.700000762939453,1055600.0,21.700000762939453
2020-07-16,21.899999618530273,21.600000381469727,21.799999237060547,21.600000381469727,524600.0,21.600000381469727
2020-07-17,21.799999237060547,21.600000381469727,21.700000762939453,21.600000381469727,294700.0,21.600000381469727
2020-07-20,21.700000762939453,21.100000381469727,21.600000381469727,21.200000762939453,664200.0,21.200000762939453
2020-07-21,22.5,21.299999237060547,21.299999237060547,22.5,476300.0,22.5
2020-07-22,22.600000381469727,22.100000381469727,22.399999618530273,22.299999237060547,605000.0,22.299999237060547
2020-07-23,22.399999618530273,22.200000762939453,22.200000762939453,22.299999237060547,241300.0,22.299999237060547
2020-07-24,22.200000762939453,21.600000381469727,22.200000762939453,21.600000381469727,424200.0,21.600000381469727
2020-07-29,21.700000762939453,21.200000762939453,21.700000762939453,21.200000762939453,234300.0,21.200000762939453
2020-07-30,21.399999618530273,21.0,21.399999618530273,21.0,213300.0,21.0
2020-07-31,21.200000762939453,20.899999618530273,21.200000762939453,21.0,175000.0,21.0
2020-08-03,21.399999618530273,20.899999618530273,21.100000381469727,21.200000762939453,197600.0,21.200000762939453
2020-08-04,21.600000381469727,21.100000381469727,21.200000762939453,21.5,178200.0,21.5
2020-08-05,21.899999618530273,21.5,21.700000762939453,21.899999618530273,305600.0,21.899999618530273
2020-08-06,22.200000762939453,21.899999618530273,22.100000381469727,22.0,188300.0,22.0
2020-08-07,22.100000381469727,21.5,22.0,21.5,151400.0,21.5
2020-08-10,21.799999237060547,21.399999618530273,21.799999237060547,21.399999618530273,101000.0,21.399999618530273
2020-08-11,21.700000762939453,21.5,21.5,21.5,151600.0,21.5
2020-08-13,22.399999618530273,21.899999618530273,22.200000762939453,22.0,865900.0,22.0
2020-08-14,22.100000381469727,21.600000381469727,22.100000381469727,21.600000381469727,341100.0,21.600000381469727
2020-08-17,21.700000762939453,21.200000762939453,21.600000381469727,21.299999237060547,242900.0,21.299999237060547
2020-08-18,21.799999237060547,21.299999237060547,21.299999237060547,21.600000381469727,265400.0,21.600000381469727
2020-08-19,22.0,21.399999618530273,21.700000762939453,22.0,252000.0,22.0
2020-08-20,21.700000762939453,21.399999618530273,21.600000381469727,21.600000381469727,107000.0,21.600000381469727
2020-08-21,21.700000762939453,21.399999618530273,21.5,21.399999618530273,116900.0,21.399999618530273
2020-08-24,21.5,21.0,21.399999618530273,21.0,429600.0,21.0
2020-08-25,21.5,21.100000381469727,21.100000381469727,21.399999618530273,230600.0,21.399999618530273
2020-08-26,21.399999618530273,21.299999237060547,21.299999237060547,21.299999237060547,47800.0,21.299999237060547
2020-08-27,21.600000381469727,21.299999237060547,21.299999237060547,21.5,101600.0,21.5
2020-08-28,21.799999237060547,21.5,21.700000762939453,21.600000381469727,158200.0,21.600000381469727
2020-08-31,21.899999618530273,21.299999237060547,21.600000381469727,21.299999237060547,411100.0,21.299999237060547
2020-09-01,21.600000381469727,21.200000762939453,21.399999618530273,21.200000762939453,508500.0,21.200000762939453
2020-09-02,21.700000762939453,21.200000762939453,21.299999237060547,21.399999618530273,389100.0,21.399999618530273
2020-09-03,21.700000762939453,21.200000762939453,21.399999618530273,21.299999237060547,382100.0,21.299999237060547
2020-09-08,21.5,21.100000381469727,21.299999237060547,21.100000381469727,273800.0,21.100000381469727
2020-09-09,21.200000762939453,21.0,21.100000381469727,21.0,190400.0,21.0
2020-09-10,21.299999237060547,20.899999618530273,21.100000381469727,20.899999618530273,148900.0,20.899999618530273
2020-09-11,21.100000381469727,20.799999237060547,21.0,20.799999237060547,139700.0,20.799999237060547
2020-09-14,20.899999618530273,20.299999237060547,20.799999237060547,20.299999237060547,453600.0,20.299999237060547
2020-09-15,20.5,20.299999237060547,20.399999618530273,20.299999237060547,114400.0,20.299999237060547
2020-09-16,20.5,20.100000381469727,20.399999618530273,20.100000381469727,214700.0,20.100000381469727
2020-09-17,20.200000762939453,19.799999237060547,20.100000381469727,19.799999237060547,310100.0,19.799999237060547
2020-09-18,20.200000762939453,19.700000762939453,19.899999618530273,19.700000762939453,680100.0,19.700000762939453
2020-09-21,20.100000381469727,19.600000381469727,20.100000381469727,19.700000762939453,391200.0,19.700000762939453
2020-09-22,19.899999618530273,19.5,19.700000762939453,19.600000381469727,194500.0,19.600000381469727
2020-09-23,19.799999237060547,19.600000381469727,19.600000381469727,19.700000762939453,112800.0,19.700000762939453
2020-09-24,20.0,19.5,19.700000762939453,19.899999618530273,253500.0,19.899999618530273
2020-09-25,19.899999618530273,19.700000762939453,19.899999618530273,19.899999618530273,57100.0,19.899999618530273
2020-09-28,20.200000762939453,19.899999618530273,19.899999618530273,20.100000381469727,227200.0,20.100000381469727
2020-09-29,20.100000381469727,19.700000762939453,20.0,19.700000762939453,196700.0,19.700000762939453
2020-09-30,19.899999618530273,19.5,19.700000762939453,19.5,144300.0,19.5
2020-10-01,19.799999237060547,19.5,19.700000762939453,19.5,141700.0,19.5
2020-10-02,19.600000381469727,19.299999237060547,19.600000381469727,19.299999237060547,157100.0,19.299999237060547
2020-10-05,19.600000381469727,19.100000381469727,19.399999618530273,19.100000381469727,140100.0,19.100000381469727
2020-10-06,20.299999237060547,19.200000762939453,19.200000762939453,19.399999618530273,899900.0,19.399999618530273
2020-10-07,19.600000381469727,19.399999618530273,19.5,19.5,254500.0,19.5
2020-10-08,19.799999237060547,19.600000381469727,19.600000381469727,19.600000381469727,294800.0,19.600000381469727
2020-10-09,19.700000762939453,19.5,19.700000762939453,19.600000381469727,136900.0,19.600000381469727
2020-10-12,19.799999237060547,19.600000381469727,19.700000762939453,19.600000381469727,78400.0,19.600000381469727
2020-10-14,19.700000762939453,19.5,19.600000381469727,19.700000762939453,78400.0,19.700000762939453
2020-10-15,20.0,19.600000381469727,19.600000381469727,19.899999618530273,244900.0,19.899999618530273
2020-10-16,19.899999618530273,19.399999618530273,19.899999618530273,19.5,204100.0,19.5
2020-10-19,19.399999618530273,18.700000762939453,19.399999618530273,18.799999237060547,408000.0,18.799999237060547
2020-10-20,19.100000381469727,18.799999237060547,18.799999237060547,18.799999237060547,344400.0,18.799999237060547
2020-10-21,19.299999237060547,18.700000762939453,19.100000381469727,18.899999618530273,871700.0,18.899999618530273
2020-10-22,19.399999618530273,18.899999618530273,19.200000762939453,18.899999618530273,1387100.0,18.899999618530273
2020-10-26,19.0,18.799999237060547,19.0,19.0,369900.0,19.0
2020-10-27,19.100000381469727,18.899999618530273,19.0,18.899999618530273,198100.0,18.899999618530273
2020-10-28,19.100000381469727,18.799999237060547,19.0,18.899999618530273,327500.0,18.899999618530273
2020-10-29,19.100000381469727,18.799999237060547,18.899999618530273,19.0,247700.0,19.0
2020-10-30,19.100000381469727,18.899999618530273,19.100000381469727,18.899999618530273,152400.0,18.899999618530273
2020-11-02,19.100000381469727,18.799999237060547,19.0,19.0,84100.0,19.0
2020-11-03,19.399999618530273,19.100000381469727,19.100000381469727,19.299999237060547,394400.0,19.299999237060547
2020-11-04,19.5,19.299999237060547,19.5,19.399999618530273,205100.0,19.399999618530273
2020-11-05,20.100000381469727,19.600000381469727,19.600000381469727,19.899999618530273,569100.0,19.899999618530273
2020-11-06,20.399999618530273,19.899999618530273,20.100000381469727,20.100000381469727,594300.0,20.100000381469727
2020-11-09,20.799999237060547,20.200000762939453,20.5,20.700000762939453,553000.0,20.700000762939453
2020-11-10,22.399999618530273,21.299999237060547,21.600000381469727,22.0,2796700.0,22.0
2020-11-11,22.700000762939453,21.899999618530273,22.299999237060547,22.399999618530273,1694600.0,22.399999618530273
2020-11-12,22.899999618530273,21.799999237060547,22.299999237060547,22.899999618530273,750200.0,22.899999618530273
2020-11-13,23.200000762939453,22.600000381469727,23.0,22.600000381469727,1466300.0,22.600000381469727
2020-11-16,23.100000381469727,22.700000762939453,22.899999618530273,22.700000762939453,731600.0,22.700000762939453
2020-11-17,23.200000762939453,22.600000381469727,22.899999618530273,22.600000381469727,1142800.0,22.600000381469727
2020-11-18,23.0,22.399999618530273,22.600000381469727,23.0,393200.0,23.0
2020-11-19,23.799999237060547,22.899999618530273,23.0,23.700000762939453,1422300.0,23.700000762939453
2020-11-20,24.899999618530273,23.700000762939453,23.799999237060547,24.899999618530273,2239800.0,24.899999618530273
2020-11-23,26.0,25.0,25.0,26.0,1839000.0,26.0
2020-11-24,26.25,25.25,26.25,25.75,1569700.0,25.75
2020-11-25,26.5,25.5,26.0,25.75,1387800.0,25.75
2020-11-26,26.25,25.5,25.75,26.25,947200.0,26.25
2020-11-27,26.25,25.75,26.25,26.0,425000.0,26.0
2020-11-30,26.0,24.899999618530273,26.0,24.899999618530273,523900.0,24.899999618530273
2020-12-01,25.75,25.0,25.25,25.5,497100.0,25.5
2020-12-02,25.75,24.799999237060547,25.25,25.0,337400.0,25.0
2020-12-03,25.75,25.0,25.25,25.25,291400.0,25.25
2020-12-04,26.0,25.25,25.5,25.5,658900.0,25.5
2020-12-08,27.25,25.5,25.75,26.5,1346700.0,26.5
2020-12-09,27.5,26.25,27.0,27.25,2004100.0,27.25
2020-12-14,28.0,26.5,27.75,27.75,1016000.0,27.75
2020-12-15,27.75,26.25,27.75,27.5,789200.0,27.5
2020-12-16,27.5,26.75,27.5,27.5,761800.0,27.5
2020-12-17,27.5,26.75,27.5,27.5,608800.0,27.5
2020-12-18,27.5,26.5,27.5,26.75,451600.0,26.75
2020-12-21,26.0,24.5,24.700000762939453,24.600000381469727,1458800.0,24.600000381469727
2020-12-22,25.5,24.799999237060547,25.0,25.0,522100.0,25.0
2020-12-23,25.5,24.899999618530273,25.0,25.25,314700.0,25.25
2020-12-24,25.75,24.899999618530273,25.25,25.75,263800.0,25.75
2020-12-25,33.25,27.5,27.5,33.25,22862400.0,33.25
2020-12-28,40.75,32.0,38.0,32.5,67769800.0,32.5
2020-12-29,32.5,30.25,31.75,31.5,10328500.0,31.5
2020-12-30,33.5,31.25,31.75,31.25,10231800.0,31.25
2021-01-04,31.25,29.75,30.25,31.25,5673000.0,31.25
