Date,High,Low,Open,Close,Volume,Adj Close
2014-01-02,6.949999809265137,6.300000190734863,6.949999809265137,6.800000190734863,1300.0,5.721983432769775
2014-01-03,6.800000190734863,6.800000190734863,6.800000190734863,6.800000190734863,0.0,5.721983432769775
2014-01-06,6.699999809265137,6.699999809265137,6.699999809265137,6.699999809265137,100.0,5.637836933135986
2014-01-07,6.75,6.050000190734863,6.75,6.050000190734863,17100.0,5.090882778167725
2014-01-08,6.699999809265137,6.199999809265137,6.699999809265137,6.300000190734863,1300.0,5.301249980926514
2014-01-09,6.599999904632568,6.449999809265137,6.5,6.599999904632568,16600.0,5.553690433502197
2014-01-10,6.5,6.099999904632568,6.25,6.449999809265137,26600.0,5.4274702072143555
2014-01-13,6.449999809265137,6.449999809265137,6.449999809265137,6.449999809265137,0.0,5.4274702072143555
2014-01-14,6.5,6.400000095367432,6.5,6.5,11100.0,5.469542503356934
2014-01-15,6.550000190734863,6.5,6.5,6.550000190734863,85600.0,5.511617183685303
2014-01-16,6.550000190734863,6.550000190734863,6.550000190734863,6.550000190734863,3700.0,5.511617183685303
2014-01-17,6.650000095367432,6.650000095367432,6.650000095367432,6.650000095367432,100.0,5.595763683319092
2014-01-20,6.900000095367432,6.900000095367432,6.900000095367432,6.900000095367432,100.0,5.806130886077881
2014-01-21,6.849999904632568,6.849999904632568,6.849999904632568,6.849999904632568,100.0,5.76405668258667
2014-01-22,6.849999904632568,6.699999809265137,6.699999809265137,6.849999904632568,500.0,5.76405668258667
2014-01-23,6.849999904632568,6.849999904632568,6.849999904632568,6.849999904632568,0.0,5.76405668258667
2014-01-24,6.849999904632568,6.849999904632568,6.849999904632568,6.849999904632568,0.0,5.76405668258667
2014-01-27,6.849999904632568,6.599999904632568,6.75,6.599999904632568,8100.0,5.553690433502197
2014-01-28,6.900000095367432,6.900000095367432,6.900000095367432,6.900000095367432,100.0,5.806130886077881
2014-01-29,6.900000095367432,6.900000095367432,6.900000095367432,6.900000095367432,0.0,5.806130886077881
2014-01-30,6.849999904632568,6.5,6.5,6.849999904632568,6100.0,5.76405668258667
2014-01-31,6.849999904632568,6.599999904632568,6.800000190734863,6.849999904632568,33800.0,5.76405668258667
2014-02-03,6.900000095367432,6.800000190734863,6.849999904632568,6.900000095367432,112700.0,5.806130886077881
2014-02-04,6.949999809265137,6.800000190734863,6.800000190734863,6.949999809265137,14500.0,5.848203659057617
2014-02-05,7.050000190734863,6.800000190734863,7.050000190734863,6.900000095367432,31000.0,5.806130886077881
2014-02-06,6.949999809265137,6.800000190734863,6.800000190734863,6.900000095367432,2400.0,5.806130886077881
2014-02-07,6.900000095367432,6.75,6.800000190734863,6.900000095367432,6800.0,5.806130886077881
2014-02-10,6.949999809265137,6.800000190734863,6.800000190734863,6.900000095367432,5600.0,5.806130886077881
2014-02-11,6.900000095367432,6.900000095367432,6.900000095367432,6.900000095367432,0.0,5.806130886077881
2014-02-12,6.900000095367432,6.699999809265137,6.800000190734863,6.900000095367432,1700.0,5.806130886077881
2014-02-13,6.900000095367432,6.800000190734863,6.800000190734863,6.900000095367432,4500.0,5.806130886077881
2014-02-17,6.800000190734863,6.699999809265137,6.800000190734863,6.800000190734863,14500.0,5.721983432769775
2014-02-18,6.800000190734863,6.800000190734863,6.800000190734863,6.800000190734863,1000.0,5.721983432769775
2014-02-19,6.900000095367432,6.800000190734863,6.900000095367432,6.900000095367432,12600.0,5.806130886077881
2014-02-20,6.900000095367432,6.800000190734863,6.800000190734863,6.900000095367432,19500.0,5.806130886077881
2014-02-21,6.900000095367432,6.849999904632568,6.900000095367432,6.900000095367432,1600.0,5.806130886077881
2014-02-24,6.949999809265137,6.849999904632568,6.849999904632568,6.900000095367432,14300.0,5.806130886077881
2014-02-25,7.099999904632568,6.849999904632568,7.099999904632568,6.949999809265137,3200.0,5.848203659057617
2014-02-26,6.949999809265137,6.599999904632568,6.949999809265137,6.900000095367432,1600.0,5.806130886077881
2014-02-27,7.050000190734863,6.800000190734863,6.800000190734863,7.0,4400.0,5.89027738571167
2014-02-28,7.050000190734863,6.849999904632568,6.900000095367432,7.0,5000.0,5.89027738571167
2014-03-03,7.199999809265137,7.0,7.050000190734863,7.199999809265137,418200.0,6.058570384979248
2014-03-04,7.599999904632568,7.050000190734863,7.050000190734863,7.449999809265137,146300.0,6.268937587738037
2014-03-05,7.5,7.449999809265137,7.449999809265137,7.449999809265137,81900.0,6.268937587738037
2014-03-06,7.5,7.400000095367432,7.5,7.400000095367432,53400.0,6.226864337921143
2014-03-07,7.5,7.300000190734863,7.449999809265137,7.400000095367432,36100.0,6.226864337921143
2014-03-10,7.599999904632568,7.449999809265137,7.599999904632568,7.449999809265137,9300.0,6.268937587738037
2014-03-11,7.5,7.449999809265137,7.449999809265137,7.449999809265137,18300.0,6.268937587738037
2014-03-12,7.5,7.5,7.5,7.5,40000.0,6.31101131439209
2014-03-13,7.5,7.400000095367432,7.400000095367432,7.5,1000.0,6.31101131439209
2014-03-14,7.5,7.449999809265137,7.5,7.449999809265137,32300.0,6.268937587738037
2014-03-17,7.650000095367432,7.5,7.5,7.599999904632568,27800.0,6.395158290863037
2014-03-18,7.800000190734863,7.699999809265137,7.800000190734863,7.75,33100.0,6.521378517150879
2014-03-19,7.75,7.75,7.75,7.75,45600.0,6.521378517150879
2014-03-20,8.0,7.650000095367432,7.699999809265137,7.949999809265137,139700.0,6.689671993255615
2014-03-21,7.949999809265137,7.900000095367432,7.900000095367432,7.900000095367432,53200.0,6.647599220275879
2014-03-24,8.0,7.900000095367432,7.900000095367432,7.949999809265137,91400.0,6.689671993255615
2014-03-25,8.0,7.900000095367432,7.900000095367432,7.949999809265137,46600.0,6.689671993255615
2014-03-26,8.100000381469727,8.0,8.0,8.100000381469727,5100.0,6.815892696380615
2014-03-27,8.100000381469727,8.050000190734863,8.100000381469727,8.050000190734863,20100.0,6.7738189697265625
2014-03-28,8.100000381469727,7.949999809265137,8.100000381469727,8.050000190734863,32200.0,6.7738189697265625
2014-03-31,8.0,7.949999809265137,7.949999809265137,8.0,1500.0,6.731745719909668
2014-04-01,8.100000381469727,8.050000190734863,8.100000381469727,8.100000381469727,1700.0,6.815892696380615
2014-04-02,8.050000190734863,7.800000190734863,8.050000190734863,7.800000190734863,6300.0,6.563452243804932
2014-04-03,7.800000190734863,7.5,7.800000190734863,7.699999809265137,21200.0,6.479305267333984
2014-04-04,7.800000190734863,7.550000190734863,7.800000190734863,7.800000190734863,3100.0,6.563452243804932
2014-04-08,7.800000190734863,7.599999904632568,7.699999809265137,7.75,600.0,6.521378517150879
2014-04-09,7.800000190734863,7.550000190734863,7.599999904632568,7.550000190734863,10400.0,6.353085517883301
2014-04-10,7.800000190734863,7.550000190734863,7.650000095367432,7.699999809265137,4700.0,6.479305267333984
2014-04-11,7.800000190734863,7.550000190734863,7.550000190734863,7.650000095367432,4200.0,6.43723201751709
2014-04-16,7.699999809265137,7.650000095367432,7.650000095367432,7.699999809265137,3700.0,6.479305267333984
2014-04-17,7.800000190734863,7.800000190734863,7.800000190734863,7.800000190734863,50600.0,6.563452243804932
2014-04-18,7.949999809265137,7.699999809265137,7.699999809265137,7.900000095367432,4400.0,6.647599220275879
2014-04-21,8.0,7.900000095367432,7.900000095367432,8.0,500.0,6.731745719909668
2014-04-22,8.0,7.900000095367432,8.0,7.949999809265137,3000.0,6.689671993255615
2014-04-23,8.0,7.900000095367432,7.900000095367432,8.0,23500.0,6.731745719909668
2014-04-24,8.0,7.900000095367432,8.0,7.949999809265137,35700.0,6.689671993255615
2014-04-25,8.0,7.849999904632568,8.0,8.0,800.0,6.731745719909668
2014-04-28,7.949999809265137,7.949999809265137,7.949999809265137,7.949999809265137,100.0,6.689671993255615
2014-04-29,8.0,7.900000095367432,8.0,8.0,10900.0,6.731745719909668
2014-04-30,8.149999618530273,7.800000190734863,7.949999809265137,8.0,48600.0,6.731745719909668
2014-05-02,7.599999904632568,7.400000095367432,7.449999809265137,7.400000095367432,23000.0,6.554594039916992
2014-05-06,7.449999809265137,7.349999904632568,7.349999904632568,7.449999809265137,4800.0,6.598881721496582
2014-05-07,7.449999809265137,7.300000190734863,7.349999904632568,7.449999809265137,5900.0,6.598881721496582
2014-05-08,7.449999809265137,7.349999904632568,7.349999904632568,7.449999809265137,1800.0,6.598881721496582
2014-05-09,7.5,7.5,7.5,7.5,200.0,6.64316987991333
2014-05-12,7.5,7.5,7.5,7.5,0.0,6.64316987991333
2014-05-14,7.400000095367432,6.849999904632568,7.349999904632568,7.400000095367432,5000.0,6.554594039916992
2014-05-15,7.449999809265137,7.0,7.300000190734863,7.449999809265137,5900.0,6.598881721496582
2014-05-16,7.199999809265137,7.0,7.199999809265137,7.150000095367432,8700.0,6.333155632019043
2014-05-19,7.150000095367432,7.150000095367432,7.150000095367432,7.150000095367432,0.0,6.333155632019043
2014-05-20,7.150000095367432,7.0,7.099999904632568,7.150000095367432,11600.0,6.333155632019043
2014-05-21,7.150000095367432,7.099999904632568,7.150000095367432,7.099999904632568,300.0,6.288867473602295
2014-05-22,7.099999904632568,7.050000190734863,7.099999904632568,7.099999904632568,6900.0,6.288867473602295
2014-05-23,7.050000190734863,7.0,7.050000190734863,7.0,11600.0,6.200292110443115
2014-05-26,7.0,7.0,7.0,7.0,2000.0,6.200292110443115
2014-05-27,7.0,6.949999809265137,7.0,6.949999809265137,6400.0,6.156003952026367
2014-05-28,7.199999809265137,7.099999904632568,7.199999809265137,7.099999904632568,700.0,6.288867473602295
2014-05-29,6.949999809265137,6.949999809265137,6.949999809265137,6.949999809265137,1600.0,6.156003952026367
2014-05-30,6.949999809265137,6.949999809265137,6.949999809265137,6.949999809265137,400.0,6.156003952026367
2014-06-02,6.949999809265137,6.949999809265137,6.949999809265137,6.949999809265137,1300.0,6.156003952026367
2014-06-03,7.0,6.75,7.0,6.75,11100.0,5.978853225708008
2014-06-04,7.050000190734863,6.800000190734863,7.0,7.0,19100.0,6.200292110443115
2014-06-05,7.0,6.699999809265137,7.0,6.800000190734863,4500.0,6.023140907287598
2014-06-06,6.949999809265137,6.75,6.75,6.900000095367432,19700.0,6.111716270446777
2014-06-09,6.800000190734863,6.699999809265137,6.800000190734863,6.800000190734863,8000.0,6.023140907287598
2014-06-10,6.800000190734863,6.800000190734863,6.800000190734863,6.800000190734863,3200.0,6.023140907287598
2014-06-11,6.800000190734863,6.699999809265137,6.800000190734863,6.699999809265137,9000.0,5.934565544128418
2014-06-12,6.800000190734863,6.699999809265137,6.75,6.75,36400.0,5.978853225708008
2014-06-13,6.75,6.699999809265137,6.75,6.699999809265137,9900.0,5.934565544128418
2014-06-16,6.699999809265137,6.650000095367432,6.699999809265137,6.699999809265137,10100.0,5.934565544128418
2014-06-17,6.699999809265137,6.699999809265137,6.699999809265137,6.699999809265137,1800.0,5.934565544128418
2014-06-18,6.699999809265137,6.650000095367432,6.699999809265137,6.699999809265137,18100.0,5.934565544128418
2014-06-19,6.650000095367432,6.650000095367432,6.650000095367432,6.650000095367432,2200.0,5.89027738571167
2014-06-20,6.650000095367432,6.349999904632568,6.599999904632568,6.400000095367432,94000.0,5.668838024139404
2014-06-23,6.449999809265137,6.25,6.400000095367432,6.300000190734863,196100.0,5.580262660980225
2014-06-24,6.400000095367432,6.349999904632568,6.349999904632568,6.400000095367432,9800.0,5.668838024139404
2014-06-25,6.400000095367432,6.400000095367432,6.400000095367432,6.400000095367432,2900.0,5.668838024139404
2014-06-26,6.449999809265137,6.400000095367432,6.400000095367432,6.449999809265137,15100.0,5.713125705718994
2014-06-27,6.449999809265137,6.449999809265137,6.449999809265137,6.449999809265137,12200.0,5.713125705718994
2014-06-30,6.449999809265137,6.400000095367432,6.449999809265137,6.400000095367432,20700.0,5.668838024139404
2014-07-02,6.449999809265137,6.400000095367432,6.449999809265137,6.449999809265137,4300.0,5.713125705718994
2014-07-03,6.550000190734863,6.449999809265137,6.449999809265137,6.550000190734863,12900.0,5.801702499389648
2014-07-04,6.650000095367432,6.150000095367432,6.5,6.650000095367432,429500.0,5.89027738571167
2014-07-07,6.800000190734863,6.599999904632568,6.800000190734863,6.699999809265137,15900.0,5.934565544128418
2014-07-08,6.699999809265137,6.599999904632568,6.599999904632568,6.699999809265137,900.0,5.934565544128418
2014-07-09,6.75,6.599999904632568,6.699999809265137,6.75,9300.0,5.978853225708008
2014-07-10,6.699999809265137,6.699999809265137,6.699999809265137,6.699999809265137,600.0,5.934565544128418
2014-07-14,6.699999809265137,6.650000095367432,6.699999809265137,6.699999809265137,53900.0,5.934565544128418
2014-07-15,6.949999809265137,6.699999809265137,6.699999809265137,6.849999904632568,151200.0,6.067428112030029
2014-07-16,7.0,6.949999809265137,6.949999809265137,7.0,81500.0,6.200292110443115
2014-07-17,7.0,6.5,7.0,6.900000095367432,154700.0,6.111716270446777
2014-07-18,7.0,6.75,6.800000190734863,7.0,412200.0,6.200292110443115
2014-07-21,7.0,6.849999904632568,7.0,6.900000095367432,50400.0,6.111716270446777
2014-07-22,6.800000190734863,6.699999809265137,6.800000190734863,6.699999809265137,16800.0,5.934565544128418
2014-07-23,7.199999809265137,6.699999809265137,6.800000190734863,7.099999904632568,134900.0,6.288867473602295
2014-07-24,7.199999809265137,7.0,7.0,7.150000095367432,44400.0,6.333155632019043
2014-07-25,7.199999809265137,7.099999904632568,7.099999904632568,7.199999809265137,43300.0,6.377442836761475
2014-07-28,7.0,6.949999809265137,7.0,6.949999809265137,2500.0,6.156003952026367
2014-07-29,7.199999809265137,6.800000190734863,7.199999809265137,6.800000190734863,23300.0,6.023140907287598
2014-07-30,6.949999809265137,6.800000190734863,6.800000190734863,6.800000190734863,8500.0,6.023140907287598
2014-07-31,7.0,7.0,7.0,7.0,300.0,6.200292110443115
2014-08-01,7.0,7.0,7.0,7.0,0.0,6.200292110443115
2014-08-04,7.0,7.0,7.0,7.0,0.0,6.200292110443115
2014-08-05,7.0,6.949999809265137,7.0,6.949999809265137,10200.0,6.156003952026367
2014-08-06,6.949999809265137,6.949999809265137,6.949999809265137,6.949999809265137,0.0,6.156003952026367
2014-08-07,6.949999809265137,6.949999809265137,6.949999809265137,6.949999809265137,0.0,6.156003952026367
2014-08-08,7.099999904632568,6.800000190734863,6.800000190734863,6.900000095367432,5900.0,6.111716270446777
2014-08-13,7.0,6.75,7.0,6.800000190734863,12000.0,6.023140907287598
2014-08-14,7.0,6.699999809265137,6.75,6.900000095367432,23300.0,6.111716270446777
2014-08-15,7.0,6.949999809265137,6.949999809265137,7.0,3000.0,6.200292110443115
2014-08-18,7.0,6.949999809265137,7.0,6.949999809265137,100.0,6.156003952026367
2014-08-19,6.900000095367432,6.849999904632568,6.900000095367432,6.900000095367432,28000.0,6.111716270446777
2014-08-20,6.849999904632568,6.699999809265137,6.849999904632568,6.849999904632568,700.0,6.067428112030029
2014-08-21,6.900000095367432,6.800000190734863,6.800000190734863,6.900000095367432,1000.0,6.111716270446777
2014-08-22,6.949999809265137,6.800000190734863,6.800000190734863,6.949999809265137,300.0,6.156003952026367
2014-08-25,6.900000095367432,6.75,6.900000095367432,6.900000095367432,3100.0,6.111716270446777
2014-08-26,6.75,6.699999809265137,6.699999809265137,6.75,16800.0,5.978853225708008
2014-08-27,7.0,6.699999809265137,6.900000095367432,6.849999904632568,57700.0,6.067428112030029
2014-08-28,6.849999904632568,6.75,6.75,6.849999904632568,1200.0,6.067428112030029
2014-08-29,6.849999904632568,6.699999809265137,6.699999809265137,6.849999904632568,13600.0,6.067428112030029
2014-09-01,6.849999904632568,6.849999904632568,6.849999904632568,6.849999904632568,200.0,6.067428112030029
2014-09-02,6.849999904632568,6.800000190734863,6.849999904632568,6.800000190734863,1700.0,6.023140907287598
2014-09-03,6.849999904632568,6.699999809265137,6.800000190734863,6.849999904632568,5600.0,6.067428112030029
2014-09-04,6.849999904632568,6.849999904632568,6.849999904632568,6.849999904632568,0.0,6.067428112030029
2014-09-05,6.849999904632568,6.849999904632568,6.849999904632568,6.849999904632568,1900.0,6.067428112030029
2014-09-08,6.849999904632568,6.849999904632568,6.849999904632568,6.849999904632568,0.0,6.067428112030029
2014-09-09,6.849999904632568,6.849999904632568,6.849999904632568,6.849999904632568,0.0,6.067428112030029
2014-09-10,6.849999904632568,6.699999809265137,6.699999809265137,6.849999904632568,200.0,6.067428112030029
2014-09-11,6.949999809265137,6.849999904632568,6.849999904632568,6.900000095367432,21900.0,6.111716270446777
2014-09-12,6.900000095367432,6.800000190734863,6.849999904632568,6.849999904632568,102800.0,6.067428112030029
2014-09-15,6.849999904632568,6.849999904632568,6.849999904632568,6.849999904632568,0.0,6.067428112030029
2014-09-16,6.849999904632568,6.849999904632568,6.849999904632568,6.849999904632568,1500.0,6.067428112030029
2014-09-17,6.849999904632568,6.849999904632568,6.849999904632568,6.849999904632568,0.0,6.067428112030029
2014-09-18,6.949999809265137,6.949999809265137,6.949999809265137,6.949999809265137,300.0,6.156003952026367
2014-09-19,6.949999809265137,6.949999809265137,6.949999809265137,6.949999809265137,0.0,6.156003952026367
2014-09-22,6.900000095367432,6.849999904632568,6.900000095367432,6.900000095367432,900.0,6.111716270446777
2014-09-23,7.0,6.900000095367432,7.0,6.900000095367432,55600.0,6.111716270446777
2014-09-24,6.900000095367432,6.900000095367432,6.900000095367432,6.900000095367432,130200.0,6.111716270446777
2014-09-25,7.0,6.900000095367432,7.0,6.900000095367432,239800.0,6.111716270446777
2014-09-26,7.0,6.900000095367432,6.900000095367432,7.0,183900.0,6.200292110443115
2014-09-29,7.0,6.900000095367432,6.900000095367432,6.900000095367432,27400.0,6.111716270446777
2014-09-30,7.0,6.900000095367432,6.900000095367432,7.0,20600.0,6.200292110443115
2014-10-01,6.900000095367432,6.900000095367432,6.900000095367432,6.900000095367432,3600.0,6.111716270446777
2014-10-02,7.0,6.900000095367432,6.900000095367432,7.0,10300.0,6.200292110443115
2014-10-03,6.900000095367432,6.800000190734863,6.849999904632568,6.900000095367432,41400.0,6.111716270446777
2014-10-06,6.900000095367432,6.599999904632568,6.599999904632568,6.900000095367432,1300.0,6.111716270446777
2014-10-07,7.0,6.849999904632568,6.849999904632568,7.0,6400.0,6.200292110443115
2014-10-08,7.0,6.800000190734863,6.900000095367432,7.0,20100.0,6.200292110443115
2014-10-09,6.949999809265137,6.949999809265137,6.949999809265137,6.949999809265137,3300.0,6.156003952026367
2014-10-10,6.949999809265137,6.949999809265137,6.949999809265137,6.949999809265137,0.0,6.156003952026367
2014-10-13,7.0,7.0,7.0,7.0,1000.0,6.200292110443115
2014-10-14,7.0,6.800000190734863,6.800000190734863,7.0,2700.0,6.200292110443115
2014-10-15,7.099999904632568,6.75,6.949999809265137,7.0,4800.0,6.200292110443115
2014-10-16,6.949999809265137,6.900000095367432,6.900000095367432,6.949999809265137,10000.0,6.156003952026367
2014-10-17,6.949999809265137,6.800000190734863,6.949999809265137,6.849999904632568,6500.0,6.067428112030029
2014-10-20,7.0,6.849999904632568,7.0,6.900000095367432,7300.0,6.111716270446777
2014-10-21,6.900000095367432,6.900000095367432,6.900000095367432,6.900000095367432,0.0,6.111716270446777
2014-10-22,6.849999904632568,6.699999809265137,6.699999809265137,6.75,50700.0,5.978853225708008
2014-10-24,6.75,6.449999809265137,6.699999809265137,6.449999809265137,141200.0,5.713125705718994
2014-10-27,8.350000381469727,7.550000190734863,8.350000381469727,8.350000381469727,2148200.0,7.396063327789307
2014-10-28,9.399999618530273,7.550000190734863,8.850000381469727,7.550000190734863,1984100.0,6.687458038330078
2014-10-29,7.800000190734863,7.400000095367432,7.599999904632568,7.400000095367432,16000.0,6.554594039916992
2014-10-30,7.550000190734863,7.050000190734863,7.349999904632568,7.099999904632568,197500.0,6.288867473602295
2014-10-31,7.150000095367432,6.800000190734863,7.099999904632568,6.800000190734863,283000.0,6.023140907287598
2014-11-03,7.150000095367432,6.800000190734863,6.949999809265137,6.849999904632568,277200.0,6.067428112030029
2014-11-04,7.050000190734863,6.800000190734863,7.0,6.849999904632568,142700.0,6.067428112030029
2014-11-05,7.199999809265137,6.900000095367432,7.0,7.150000095367432,136600.0,6.333155632019043
2014-11-06,7.199999809265137,6.849999904632568,7.199999809265137,7.0,27600.0,6.200292110443115
2014-11-07,7.0,6.800000190734863,6.949999809265137,6.949999809265137,199300.0,6.156003952026367
2014-11-10,6.949999809265137,6.849999904632568,6.949999809265137,6.900000095367432,27000.0,6.111716270446777
2014-11-11,7.0,6.849999904632568,6.900000095367432,6.900000095367432,129300.0,6.111716270446777
2014-11-12,6.900000095367432,6.699999809265137,6.900000095367432,6.699999809265137,49200.0,5.934565544128418
2014-11-13,6.900000095367432,6.75,6.75,6.900000095367432,57400.0,6.111716270446777
2014-11-14,6.900000095367432,6.75,6.75,6.800000190734863,3300.0,6.023140907287598
2014-11-17,6.900000095367432,6.800000190734863,6.800000190734863,6.800000190734863,131700.0,6.023140907287598
2014-11-18,6.900000095367432,6.75,6.900000095367432,6.800000190734863,35000.0,6.023140907287598
2014-11-19,6.849999904632568,6.699999809265137,6.849999904632568,6.800000190734863,3100.0,6.023140907287598
2014-11-20,6.849999904632568,6.699999809265137,6.699999809265137,6.849999904632568,24900.0,6.067428112030029
2014-11-21,6.800000190734863,6.75,6.800000190734863,6.800000190734863,15700.0,6.023140907287598
2014-11-24,6.900000095367432,6.699999809265137,6.699999809265137,6.900000095367432,50400.0,6.111716270446777
2014-11-25,6.900000095367432,6.699999809265137,6.900000095367432,6.800000190734863,3600.0,6.023140907287598
2014-11-26,7.050000190734863,6.800000190734863,6.800000190734863,6.900000095367432,52900.0,6.111716270446777
2014-11-27,7.0,6.75,6.800000190734863,6.949999809265137,7800.0,6.156003952026367
2014-11-28,6.949999809265137,6.949999809265137,6.949999809265137,6.949999809265137,2100.0,6.156003952026367
2014-12-01,7.0,6.699999809265137,6.800000190734863,7.0,5300.0,6.200292110443115
2014-12-02,6.900000095367432,6.800000190734863,6.800000190734863,6.900000095367432,300.0,6.111716270446777
2014-12-03,7.0,6.849999904632568,6.949999809265137,6.900000095367432,2100.0,6.111716270446777
2014-12-04,7.0,6.550000190734863,6.800000190734863,6.900000095367432,2900.0,6.111716270446777
2014-12-08,7.0,6.800000190734863,6.800000190734863,6.849999904632568,5200.0,6.067428112030029
2014-12-09,6.900000095367432,6.550000190734863,6.900000095367432,6.550000190734863,50500.0,5.801702499389648
2014-12-11,6.75,6.5,6.75,6.650000095367432,27900.0,5.89027738571167
2014-12-12,6.849999904632568,6.699999809265137,6.849999904632568,6.75,5800.0,5.978853225708008
2014-12-15,6.699999809265137,6.300000190734863,6.599999904632568,6.650000095367432,15100.0,5.89027738571167
2014-12-16,6.849999904632568,6.050000190734863,6.099999904632568,6.75,19900.0,5.978853225708008
2014-12-17,6.75,6.75,6.75,6.75,0.0,5.978853225708008
2014-12-18,6.699999809265137,6.5,6.699999809265137,6.550000190734863,6000.0,5.801702499389648
2014-12-19,6.699999809265137,6.550000190734863,6.550000190734863,6.699999809265137,16300.0,5.934565544128418
2014-12-22,6.650000095367432,6.550000190734863,6.550000190734863,6.650000095367432,46300.0,5.89027738571167
2014-12-23,6.949999809265137,6.699999809265137,6.699999809265137,6.949999809265137,2000.0,6.156003952026367
2014-12-24,6.699999809265137,6.699999809265137,6.699999809265137,6.699999809265137,6200.0,5.934565544128418
2014-12-25,6.800000190734863,6.650000095367432,6.650000095367432,6.800000190734863,231400.0,6.023140907287598
2014-12-26,6.800000190734863,6.650000095367432,6.650000095367432,6.800000190734863,5200.0,6.023140907287598
2014-12-29,6.650000095367432,6.650000095367432,6.650000095367432,6.650000095367432,11400.0,5.89027738571167
2014-12-30,6.800000190734863,6.650000095367432,6.800000190734863,6.75,88300.0,5.978853225708008
2015-01-05,6.699999809265137,6.650000095367432,6.650000095367432,6.699999809265137,130900.0,5.934565544128418
2015-01-06,6.650000095367432,6.650000095367432,6.650000095367432,6.650000095367432,91500.0,5.89027738571167
2015-01-07,7.0,6.800000190734863,6.800000190734863,7.0,10300.0,6.200292110443115
2015-01-08,6.699999809265137,6.699999809265137,6.699999809265137,6.699999809265137,5000.0,5.934565544128418
2015-01-09,6.849999904632568,6.599999904632568,6.849999904632568,6.599999904632568,33600.0,5.84598970413208
2015-01-12,6.699999809265137,6.550000190734863,6.699999809265137,6.699999809265137,20200.0,5.934565544128418
2015-01-13,6.650000095367432,6.550000190734863,6.550000190734863,6.650000095367432,17000.0,5.89027738571167
2015-01-14,6.599999904632568,6.550000190734863,6.550000190734863,6.599999904632568,1900.0,5.84598970413208
2015-01-15,6.650000095367432,6.650000095367432,6.650000095367432,6.650000095367432,1000.0,5.89027738571167
2015-01-16,6.599999904632568,6.300000190734863,6.599999904632568,6.5,33000.0,5.757413864135742
2015-01-19,6.650000095367432,6.5,6.5,6.599999904632568,73300.0,5.84598970413208
2015-01-20,6.599999904632568,6.449999809265137,6.449999809265137,6.599999904632568,1500.0,5.84598970413208
2015-01-21,6.650000095367432,6.599999904632568,6.599999904632568,6.650000095367432,25300.0,5.89027738571167
2015-01-22,6.699999809265137,6.550000190734863,6.550000190734863,6.699999809265137,5900.0,5.934565544128418
2015-01-23,6.900000095367432,6.75,6.900000095367432,6.75,22300.0,5.978853225708008
2015-01-26,6.949999809265137,6.75,6.949999809265137,6.75,2000.0,5.978853225708008
2015-01-27,6.900000095367432,6.599999904632568,6.900000095367432,6.800000190734863,87100.0,6.023140907287598
2015-01-28,6.800000190734863,6.5,6.550000190734863,6.800000190734863,33200.0,6.023140907287598
2015-01-29,6.75,6.699999809265137,6.75,6.699999809265137,400.0,5.934565544128418
2015-01-30,6.699999809265137,6.699999809265137,6.699999809265137,6.699999809265137,0.0,5.934565544128418
2015-02-02,6.75,6.75,6.75,6.75,100.0,5.978853225708008
2015-02-03,6.75,6.5,6.75,6.699999809265137,7400.0,5.934565544128418
2015-02-04,6.75,6.449999809265137,6.449999809265137,6.699999809265137,1900.0,5.934565544128418
2015-02-05,6.699999809265137,6.5,6.5,6.699999809265137,2100.0,5.934565544128418
2015-02-06,6.699999809265137,6.5,6.5,6.699999809265137,14700.0,5.934565544128418
2015-02-09,6.699999809265137,6.650000095367432,6.650000095367432,6.699999809265137,600.0,5.934565544128418
2015-02-10,6.75,6.75,6.75,6.75,100.0,5.978853225708008
2015-02-11,6.75,6.75,6.75,6.75,0.0,5.978853225708008
2015-02-12,6.800000190734863,6.75,6.75,6.800000190734863,1000.0,6.023140907287598
2015-02-13,6.849999904632568,6.550000190734863,6.550000190734863,6.849999904632568,10600.0,6.067428112030029
2015-02-16,6.849999904632568,6.849999904632568,6.849999904632568,6.849999904632568,1000.0,6.067428112030029
2015-02-17,6.800000190734863,6.550000190734863,6.550000190734863,6.800000190734863,1200.0,6.023140907287598
2015-02-18,6.800000190734863,6.449999809265137,6.599999904632568,6.800000190734863,10100.0,6.023140907287598
2015-02-19,6.699999809265137,6.599999904632568,6.650000095367432,6.599999904632568,2800.0,5.84598970413208
2015-02-20,6.75,6.699999809265137,6.699999809265137,6.75,400.0,5.978853225708008
2015-02-23,6.75,6.550000190734863,6.599999904632568,6.75,11100.0,5.978853225708008
2015-02-24,6.699999809265137,6.5,6.550000190734863,6.699999809265137,19000.0,5.934565544128418
2015-02-25,6.699999809265137,6.400000095367432,6.650000095367432,6.5,570600.0,5.757413864135742
2015-02-26,6.650000095367432,6.449999809265137,6.5,6.599999904632568,156300.0,5.84598970413208
2015-02-27,6.699999809265137,6.5,6.5,6.699999809265137,3100.0,5.934565544128418
2015-03-02,6.949999809265137,6.699999809265137,6.699999809265137,6.900000095367432,11600.0,6.111716270446777
2015-03-03,6.699999809265137,6.5,6.699999809265137,6.699999809265137,2100.0,5.934565544128418
2015-03-05,6.699999809265137,6.5,6.5,6.699999809265137,33400.0,5.934565544128418
2015-03-06,6.75,6.599999904632568,6.599999904632568,6.75,400.0,5.978853225708008
2015-03-09,6.800000190734863,6.800000190734863,6.800000190734863,6.800000190734863,200.0,6.023140907287598
2015-03-10,6.949999809265137,6.599999904632568,6.949999809265137,6.599999904632568,10300.0,5.84598970413208
2015-03-11,6.900000095367432,6.550000190734863,6.550000190734863,6.800000190734863,135000.0,6.023140907287598
2015-03-12,6.949999809265137,6.650000095367432,6.849999904632568,6.949999809265137,51600.0,6.156003952026367
2015-03-13,7.0,6.699999809265137,7.0,6.800000190734863,5800.0,6.023140907287598
2015-03-16,8.5,6.849999904632568,6.849999904632568,7.849999904632568,1335400.0,6.953184604644775
2015-03-17,7.699999809265137,6.5,7.699999809265137,6.5,546100.0,5.757413864135742
2015-03-18,6.800000190734863,6.550000190734863,6.699999809265137,6.699999809265137,61500.0,5.934565544128418
2015-03-19,6.949999809265137,6.650000095367432,6.949999809265137,6.849999904632568,500100.0,6.067428112030029
2015-03-20,6.900000095367432,6.800000190734863,6.800000190734863,6.800000190734863,16400.0,6.023140907287598
2015-03-23,6.849999904632568,6.75,6.75,6.75,39700.0,5.978853225708008
2015-03-24,6.900000095367432,6.699999809265137,6.699999809265137,6.800000190734863,184600.0,6.023140907287598
2015-03-25,6.949999809265137,6.800000190734863,6.800000190734863,6.849999904632568,38300.0,6.067428112030029
2015-03-26,6.849999904632568,6.849999904632568,6.849999904632568,6.849999904632568,17500.0,6.067428112030029
2015-03-27,6.849999904632568,6.75,6.849999904632568,6.75,18600.0,5.978853225708008
2015-03-30,7.650000095367432,6.75,7.650000095367432,6.800000190734863,19700.0,6.023140907287598
2015-03-31,6.800000190734863,6.800000190734863,6.800000190734863,6.800000190734863,0.0,6.023140907287598
2015-04-01,6.75,6.699999809265137,6.75,6.75,107500.0,5.978853225708008
2015-04-02,6.800000190734863,6.699999809265137,6.75,6.699999809265137,30900.0,5.934565544128418
2015-04-03,6.75,6.699999809265137,6.699999809265137,6.699999809265137,202300.0,5.934565544128418
2015-04-07,6.699999809265137,6.699999809265137,6.699999809265137,6.699999809265137,18600.0,5.934565544128418
2015-04-08,6.900000095367432,6.650000095367432,6.849999904632568,6.699999809265137,207800.0,5.934565544128418
2015-04-09,6.699999809265137,6.650000095367432,6.699999809265137,6.699999809265137,170100.0,5.934565544128418
2015-04-10,6.75,6.650000095367432,6.699999809265137,6.699999809265137,139500.0,5.934565544128418
2015-04-16,6.75,6.650000095367432,6.699999809265137,6.699999809265137,148100.0,5.934565544128418
2015-04-17,6.75,6.650000095367432,6.75,6.699999809265137,42300.0,5.934565544128418
2015-04-20,7.0,6.75,6.75,6.800000190734863,7000.0,6.023140907287598
2015-04-21,6.849999904632568,6.699999809265137,6.699999809265137,6.800000190734863,15300.0,6.023140907287598
2015-04-22,6.949999809265137,6.650000095367432,6.949999809265137,6.75,377200.0,5.978853225708008
2015-04-23,6.699999809265137,6.599999904632568,6.650000095367432,6.699999809265137,179700.0,5.934565544128418
2015-04-24,6.75,6.550000190734863,6.650000095367432,6.699999809265137,120000.0,5.934565544128418
2015-04-27,6.75,6.650000095367432,6.75,6.699999809265137,16200.0,5.934565544128418
2015-04-28,6.75,6.650000095367432,6.75,6.699999809265137,6700.0,5.934565544128418
2015-04-29,6.900000095367432,6.599999904632568,6.650000095367432,6.699999809265137,179400.0,5.934565544128418
2015-04-30,6.900000095367432,6.699999809265137,6.900000095367432,6.800000190734863,21900.0,6.023140907287598
2015-05-04,6.800000190734863,6.800000190734863,6.800000190734863,6.800000190734863,0.0,6.023140907287598
2015-05-06,6.800000190734863,6.699999809265137,6.800000190734863,6.699999809265137,15000.0,5.934565544128418
2015-05-07,6.75,6.699999809265137,6.699999809265137,6.699999809265137,236400.0,6.164587497711182
2015-05-08,7.900000095367432,6.75,6.75,6.75,2600.0,6.210592269897461
2015-05-11,6.849999904632568,6.699999809265137,6.849999904632568,6.699999809265137,217100.0,6.164587497711182
2015-05-12,6.849999904632568,6.699999809265137,6.699999809265137,6.849999904632568,66800.0,6.302600383758545
2015-05-13,6.75,6.699999809265137,6.699999809265137,6.75,130900.0,6.210592269897461
2015-05-14,6.75,6.699999809265137,6.75,6.699999809265137,400.0,6.164587497711182
2015-05-15,6.800000190734863,6.75,6.75,6.800000190734863,400.0,6.256596088409424
2015-05-18,6.75,6.699999809265137,6.699999809265137,6.75,5200.0,6.210592269897461
2015-05-19,6.75,6.699999809265137,6.699999809265137,6.75,9500.0,6.210592269897461
2015-05-20,6.75,6.699999809265137,6.699999809265137,6.75,18100.0,6.210592269897461
2015-05-21,6.75,6.699999809265137,6.699999809265137,6.75,300.0,6.210592269897461
2015-05-22,6.75,6.75,6.75,6.75,0.0,6.210592269897461
2015-05-25,6.949999809265137,6.5,6.949999809265137,6.900000095367432,4100.0,6.348605155944824
2015-05-26,6.900000095367432,6.900000095367432,6.900000095367432,6.900000095367432,0.0,6.348605155944824
2015-05-27,6.900000095367432,6.900000095367432,6.900000095367432,6.900000095367432,1900.0,6.348605155944824
2015-05-28,6.849999904632568,6.800000190734863,6.800000190734863,6.849999904632568,3600.0,6.302600383758545
2015-05-29,6.900000095367432,6.699999809265137,6.699999809265137,6.849999904632568,62700.0,6.302600383758545
2015-06-02,7.0,6.699999809265137,6.849999904632568,7.0,7300.0,6.440613746643066
2015-06-03,6.800000190734863,6.699999809265137,6.800000190734863,6.699999809265137,10000.0,6.164587497711182
2015-06-04,7.0,6.699999809265137,6.699999809265137,6.800000190734863,20400.0,6.256596088409424
2015-06-05,7.199999809265137,6.75,7.199999809265137,6.949999809265137,37400.0,6.394608974456787
2015-06-08,6.949999809265137,6.849999904632568,6.949999809265137,6.900000095367432,2100.0,6.348605155944824
2015-06-09,6.900000095367432,6.75,6.75,6.900000095367432,1200.0,6.348605155944824
2015-06-10,6.900000095367432,6.900000095367432,6.900000095367432,6.900000095367432,2000.0,6.348605155944824
2015-06-11,6.900000095367432,6.900000095367432,6.900000095367432,6.900000095367432,0.0,6.348605155944824
2015-06-12,6.900000095367432,6.699999809265137,6.75,6.849999904632568,50300.0,6.302600383758545
2015-06-15,6.849999904632568,6.849999904632568,6.849999904632568,6.849999904632568,2000.0,6.302600383758545
2015-06-16,6.800000190734863,6.699999809265137,6.699999809265137,6.699999809265137,23500.0,6.164587497711182
2015-06-17,6.75,6.699999809265137,6.75,6.75,9100.0,6.210592269897461
2015-06-18,6.75,6.699999809265137,6.699999809265137,6.75,209700.0,6.210592269897461
2015-06-19,6.75,6.699999809265137,6.699999809265137,6.699999809265137,216600.0,6.164587497711182
2015-06-22,6.75,6.699999809265137,6.699999809265137,6.699999809265137,44200.0,6.164587497711182
2015-06-23,6.75,6.699999809265137,6.75,6.699999809265137,4000.0,6.164587497711182
2015-06-24,6.75,6.75,6.75,6.75,200.0,6.210592269897461
2015-06-25,6.900000095367432,6.75,6.75,6.75,4000.0,6.210592269897461
2015-06-26,6.75,6.699999809265137,6.75,6.699999809265137,400.0,6.164587497711182
2015-06-29,6.849999904632568,6.699999809265137,6.699999809265137,6.849999904632568,400.0,6.302600383758545
2015-06-30,6.849999904632568,6.849999904632568,6.849999904632568,6.849999904632568,0.0,6.302600383758545
2015-07-02,6.849999904632568,6.849999904632568,6.849999904632568,6.849999904632568,0.0,6.302600383758545
2015-07-03,6.75,6.599999904632568,6.699999809265137,6.75,41500.0,6.210592269897461
2015-07-06,6.699999809265137,6.599999904632568,6.699999809265137,6.599999904632568,600.0,6.0725789070129395
2015-07-07,6.699999809265137,6.550000190734863,6.550000190734863,6.699999809265137,13500.0,6.164587497711182
2015-07-08,6.699999809265137,6.550000190734863,6.550000190734863,6.599999904632568,15100.0,6.0725789070129395
2015-07-09,6.599999904632568,6.599999904632568,6.599999904632568,6.599999904632568,0.0,6.0725789070129395
2015-07-10,6.699999809265137,6.599999904632568,6.699999809265137,6.599999904632568,1100.0,6.0725789070129395
2015-07-13,6.699999809265137,6.699999809265137,6.699999809265137,6.699999809265137,8100.0,6.164587497711182
2015-07-14,6.699999809265137,6.699999809265137,6.699999809265137,6.699999809265137,0.0,6.164587497711182
2015-07-15,6.699999809265137,6.699999809265137,6.699999809265137,6.699999809265137,0.0,6.164587497711182
2015-07-16,6.75,6.75,6.75,6.75,100.0,6.210592269897461
2015-07-17,7.0,7.0,7.0,7.0,100.0,6.440613746643066
2015-07-20,7.0,7.0,7.0,7.0,0.0,6.440613746643066
2015-07-21,7.0,7.0,7.0,7.0,0.0,6.440613746643066
2015-07-22,7.0,7.0,7.0,7.0,0.0,6.440613746643066
2015-07-23,7.0,7.0,7.0,7.0,0.0,6.440613746643066
2015-07-24,6.800000190734863,6.300000190734863,6.449999809265137,6.800000190734863,46000.0,6.256596088409424
2015-07-27,6.650000095367432,6.25,6.349999904632568,6.449999809265137,77600.0,5.93456506729126
2015-07-28,6.5,6.349999904632568,6.400000095367432,6.5,5300.0,5.980569362640381
2015-07-29,6.349999904632568,6.349999904632568,6.349999904632568,6.349999904632568,6800.0,5.842555999755859
2015-07-31,6.349999904632568,6.349999904632568,6.349999904632568,6.349999904632568,0.0,5.842555999755859
2015-08-03,6.349999904632568,6.25,6.25,6.349999904632568,3400.0,5.842555999755859
2015-08-04,6.5,6.5,6.5,6.5,100.0,5.980569362640381
2015-08-05,6.349999904632568,6.25,6.349999904632568,6.25,7900.0,5.750547885894775
2015-08-06,6.25,6.25,6.25,6.25,0.0,5.750547885894775
2015-08-07,6.400000095367432,6.400000095367432,6.400000095367432,6.400000095367432,100.0,5.888560771942139
2015-08-10,6.449999809265137,6.349999904632568,6.400000095367432,6.400000095367432,19900.0,5.888560771942139
2015-08-11,6.400000095367432,6.300000190734863,6.349999904632568,6.400000095367432,12600.0,5.888560771942139
2015-08-13,6.900000095367432,5.599999904632568,5.599999904632568,6.900000095367432,200.0,6.348605155944824
2015-08-14,6.550000190734863,6.400000095367432,6.400000095367432,6.550000190734863,12100.0,6.026574611663818
2015-08-17,6.550000190734863,6.25,6.550000190734863,6.5,80600.0,5.980569362640381
2015-08-18,6.400000095367432,6.349999904632568,6.400000095367432,6.349999904632568,8700.0,5.842555999755859
2015-08-19,6.349999904632568,6.349999904632568,6.349999904632568,6.349999904632568,0.0,5.842555999755859
2015-08-20,6.449999809265137,6.449999809265137,6.449999809265137,6.449999809265137,600.0,5.93456506729126
2015-08-21,6.449999809265137,6.449999809265137,6.449999809265137,6.449999809265137,0.0,5.93456506729126
2015-08-24,6.400000095367432,5.800000190734863,5.800000190734863,6.400000095367432,500.0,5.888560771942139
2015-08-25,6.400000095367432,5.800000190734863,6.349999904632568,5.800000190734863,72000.0,5.336508274078369
2015-08-26,6.199999809265137,6.199999809265137,6.199999809265137,6.199999809265137,300.0,5.704542636871338
2015-08-27,6.199999809265137,6.199999809265137,6.199999809265137,6.199999809265137,400.0,5.704542636871338
2015-08-28,6.199999809265137,6.0,6.0,6.199999809265137,600.0,5.704542636871338
2015-08-31,6.199999809265137,6.199999809265137,6.199999809265137,6.199999809265137,0.0,5.704542636871338
2015-09-01,6.199999809265137,6.199999809265137,6.199999809265137,6.199999809265137,0.0,5.704542636871338
2015-09-02,6.199999809265137,6.199999809265137,6.199999809265137,6.199999809265137,0.0,5.704542636871338
2015-09-03,6.199999809265137,5.800000190734863,6.199999809265137,5.800000190734863,26100.0,5.336508274078369
2015-09-04,5.949999809265137,5.800000190734863,5.800000190734863,5.849999904632568,3600.0,5.382513046264648
2015-09-07,5.900000095367432,5.75,5.75,5.849999904632568,5900.0,5.382513046264648
2015-09-08,5.75,5.550000190734863,5.599999904632568,5.75,103200.0,5.290503978729248
2015-09-09,5.75,5.599999904632568,5.699999809265137,5.650000095367432,79000.0,5.198495388031006
2015-09-10,5.650000095367432,5.650000095367432,5.650000095367432,5.650000095367432,0.0,5.198495388031006
2015-09-11,5.75,5.599999904632568,5.699999809265137,5.599999904632568,11600.0,5.152491092681885
2015-09-14,5.699999809265137,5.650000095367432,5.650000095367432,5.699999809265137,12900.0,5.244499683380127
2015-09-15,6.199999809265137,5.800000190734863,6.050000190734863,5.800000190734863,6900.0,5.336508274078369
2015-09-16,5.800000190734863,5.800000190734863,5.800000190734863,5.800000190734863,0.0,5.336508274078369
2015-09-17,5.949999809265137,5.599999904632568,5.949999809265137,5.800000190734863,4300.0,5.336508274078369
2015-09-18,6.199999809265137,5.650000095367432,5.650000095367432,5.800000190734863,12200.0,5.336508274078369
2015-09-21,5.75,5.75,5.75,5.75,2100.0,5.290503978729248
2015-09-22,5.75,5.75,5.75,5.75,0.0,5.290503978729248
2015-09-23,5.75,5.75,5.75,5.75,0.0,5.290503978729248
2015-09-24,5.75,5.75,5.75,5.75,0.0,5.290503978729248
2015-09-25,5.75,5.75,5.75,5.75,0.0,5.290503978729248
2015-09-28,5.75,5.75,5.75,5.75,0.0,5.290503978729248
2015-09-29,5.75,5.75,5.75,5.75,0.0,5.290503978729248
2015-09-30,5.75,5.75,5.75,5.75,2000.0,5.290503978729248
2015-10-01,5.75,5.75,5.75,5.75,200.0,5.290503978729248
2015-10-02,5.75,5.550000190734863,5.75,5.650000095367432,101000.0,5.198495388031006
2015-10-05,5.650000095367432,5.599999904632568,5.599999904632568,5.650000095367432,600.0,5.198495388031006
2015-10-06,5.650000095367432,5.650000095367432,5.650000095367432,5.650000095367432,0.0,5.198495388031006
2015-10-07,5.599999904632568,5.550000190734863,5.550000190734863,5.599999904632568,27600.0,5.152491092681885
2015-10-08,6.0,5.599999904632568,5.599999904632568,6.0,152500.0,5.520525932312012
2015-10-09,6.050000190734863,6.050000190734863,6.050000190734863,6.050000190734863,15300.0,5.566530704498291
2015-10-12,6.050000190734863,6.050000190734863,6.050000190734863,6.050000190734863,0.0,5.566530704498291
2015-10-13,5.800000190734863,5.800000190734863,5.800000190734863,5.800000190734863,100.0,5.336508274078369
2015-10-14,6.349999904632568,6.199999809265137,6.349999904632568,6.199999809265137,1600.0,5.704542636871338
2015-10-15,5.900000095367432,5.900000095367432,5.900000095367432,5.900000095367432,100.0,5.4285173416137695
2015-10-16,6.400000095367432,6.400000095367432,6.400000095367432,6.400000095367432,30000.0,5.888560771942139
2015-10-19,6.5,6.099999904632568,6.5,6.349999904632568,5100.0,5.842555999755859
2015-10-20,6.349999904632568,6.349999904632568,6.349999904632568,6.349999904632568,0.0,5.842555999755859
2015-10-21,6.300000190734863,6.099999904632568,6.099999904632568,6.199999809265137,2900.0,5.704542636871338
2015-10-22,6.199999809265137,6.199999809265137,6.199999809265137,6.199999809265137,200.0,5.704542636871338
2015-10-26,6.199999809265137,6.199999809265137,6.199999809265137,6.199999809265137,0.0,5.704542636871338
2015-10-27,6.050000190734863,6.050000190734863,6.050000190734863,6.050000190734863,100.0,5.566530704498291
2015-10-28,6.199999809265137,6.199999809265137,6.199999809265137,6.199999809265137,100.0,5.704542636871338
2015-10-29,6.199999809265137,6.0,6.199999809265137,6.0,3100.0,5.520525932312012
2015-10-30,6.349999904632568,6.349999904632568,6.349999904632568,6.349999904632568,100.0,5.842555999755859
2015-11-02,6.699999809265137,6.25,6.25,6.449999809265137,20500.0,5.93456506729126
2015-11-03,6.449999809265137,6.449999809265137,6.449999809265137,6.449999809265137,0.0,5.93456506729126
2015-11-04,7.099999904632568,6.400000095367432,6.400000095367432,7.0,50100.0,6.440613746643066
2015-11-05,7.550000190734863,6.75,6.75,6.949999809265137,256500.0,6.394608974456787
2015-11-06,8.0,6.75,6.800000190734863,6.900000095367432,705600.0,6.348605155944824
2015-11-09,7.0,6.75,6.849999904632568,6.800000190734863,13200.0,6.256596088409424
2015-11-10,7.199999809265137,6.75,6.75,7.0,3800.0,6.440613746643066
2015-11-11,6.849999904632568,6.699999809265137,6.849999904632568,6.699999809265137,5600.0,6.164587497711182
2015-11-12,6.949999809265137,6.599999904632568,6.849999904632568,6.599999904632568,3200.0,6.0725789070129395
2015-11-13,6.849999904632568,6.25,6.849999904632568,6.25,3100.0,5.750547885894775
2015-11-16,6.25,6.0,6.25,6.25,26100.0,5.750547885894775
2015-11-17,6.699999809265137,6.300000190734863,6.300000190734863,6.400000095367432,5500.0,5.888560771942139
2015-11-18,6.650000095367432,6.150000095367432,6.150000095367432,6.650000095367432,1500.0,6.118582725524902
2015-11-19,6.699999809265137,6.199999809265137,6.199999809265137,6.699999809265137,700.0,6.164587497711182
2015-11-20,6.699999809265137,6.699999809265137,6.699999809265137,6.699999809265137,0.0,6.164587497711182
2015-11-23,7.150000095367432,7.150000095367432,7.150000095367432,7.150000095367432,100.0,6.578627109527588
2015-11-24,7.050000190734863,6.199999809265137,7.050000190734863,6.699999809265137,1000.0,6.164587497711182
2015-11-25,6.699999809265137,6.699999809265137,6.699999809265137,6.699999809265137,0.0,6.164587497711182
2015-11-26,6.349999904632568,6.25,6.25,6.25,1400.0,5.750547885894775
2015-11-27,7.0,6.25,7.0,6.699999809265137,800.0,6.164587497711182
2015-11-30,6.550000190734863,6.099999904632568,6.199999809265137,6.099999904632568,6400.0,5.612534523010254
2015-12-01,6.199999809265137,6.199999809265137,6.199999809265137,6.199999809265137,300.0,5.704542636871338
2015-12-02,6.199999809265137,5.900000095367432,6.0,6.099999904632568,9000.0,5.612534523010254
2015-12-03,6.199999809265137,6.099999904632568,6.099999904632568,6.199999809265137,200.0,5.704542636871338
2015-12-04,6.199999809265137,6.199999809265137,6.199999809265137,6.199999809265137,700.0,5.704542636871338
2015-12-08,6.0,6.0,6.0,6.0,100.0,5.520525932312012
2015-12-09,6.349999904632568,6.099999904632568,6.199999809265137,6.099999904632568,1300.0,5.612534523010254
2015-12-11,6.900000095367432,5.849999904632568,6.900000095367432,6.0,300.0,5.520525932312012
2015-12-14,6.300000190734863,6.300000190734863,6.300000190734863,6.300000190734863,100.0,5.796552658081055
2015-12-15,6.400000095367432,6.349999904632568,6.349999904632568,6.400000095367432,500.0,5.888560771942139
2015-12-16,6.349999904632568,5.900000095367432,5.900000095367432,6.150000095367432,800.0,5.658539295196533
2015-12-17,6.050000190734863,5.75,5.849999904632568,5.949999809265137,8300.0,5.474521160125732
2015-12-18,6.099999904632568,6.050000190734863,6.050000190734863,6.099999904632568,200.0,5.612534523010254
2015-12-21,6.099999904632568,6.099999904632568,6.099999904632568,6.099999904632568,1000.0,5.612534523010254
2015-12-22,6.050000190734863,5.75,5.75,6.050000190734863,1000.0,5.566530704498291
2015-12-23,6.349999904632568,6.099999904632568,6.099999904632568,6.349999904632568,200.0,5.842555999755859
2015-12-24,6.349999904632568,6.349999904632568,6.349999904632568,6.349999904632568,0.0,5.842555999755859
2015-12-25,6.349999904632568,6.349999904632568,6.349999904632568,6.349999904632568,0.0,5.842555999755859
2015-12-28,6.400000095367432,6.349999904632568,6.349999904632568,6.400000095367432,200.0,5.888560771942139
2015-12-29,6.400000095367432,6.400000095367432,6.400000095367432,6.400000095367432,0.0,5.888560771942139
2015-12-30,6.400000095367432,6.400000095367432,6.400000095367432,6.400000095367432,0.0,5.888560771942139
2016-01-04,5.800000190734863,5.449999809265137,5.5,5.699999809265137,92300.0,5.244499683380127
2016-01-05,6.349999904632568,5.699999809265137,5.800000190734863,5.800000190734863,8600.0,5.336508274078369
2016-01-06,5.800000190734863,5.800000190734863,5.800000190734863,5.800000190734863,6000.0,5.336508274078369
2016-01-07,5.800000190734863,5.800000190734863,5.800000190734863,5.800000190734863,0.0,5.336508274078369
2016-01-08,6.699999809265137,5.800000190734863,6.699999809265137,6.300000190734863,2100.0,5.796552658081055
2016-01-11,6.0,5.449999809265137,5.5,6.0,7000.0,5.520525932312012
2016-01-12,5.800000190734863,5.699999809265137,5.800000190734863,5.800000190734863,4300.0,5.336508274078369
2016-01-13,5.800000190734863,5.75,5.75,5.75,12200.0,5.290503978729248
2016-01-14,5.800000190734863,5.75,5.800000190734863,5.75,1100.0,5.290503978729248
2016-01-15,5.800000190734863,5.650000095367432,5.650000095367432,5.800000190734863,1000.0,5.336508274078369
2016-01-18,5.800000190734863,5.800000190734863,5.800000190734863,5.800000190734863,1100.0,5.336508274078369
2016-01-19,5.800000190734863,5.550000190734863,5.550000190734863,5.75,2300.0,5.290503978729248
2016-01-20,5.75,5.75,5.75,5.75,400.0,5.290503978729248
2016-01-21,5.75,5.449999809265137,5.75,5.5,26600.0,5.060482025146484
2016-01-22,5.650000095367432,5.5,5.5,5.599999904632568,21000.0,5.152491092681885
2016-01-25,5.650000095367432,5.550000190734863,5.599999904632568,5.650000095367432,1400.0,5.198495388031006
2016-01-26,5.650000095367432,5.599999904632568,5.650000095367432,5.650000095367432,4900.0,5.198495388031006
2016-01-27,5.800000190734863,5.650000095367432,5.650000095367432,5.800000190734863,1200.0,5.336508274078369
2016-01-28,5.699999809265137,5.699999809265137,5.699999809265137,5.699999809265137,500.0,5.244499683380127
2016-01-29,6.5,5.699999809265137,5.699999809265137,6.25,8500.0,5.750547885894775
2016-02-01,6.25,6.25,6.25,6.25,0.0,5.750547885894775
2016-02-02,6.25,6.25,6.25,6.25,0.0,5.750547885894775
2016-02-03,5.900000095367432,5.599999904632568,5.650000095367432,5.900000095367432,2500.0,5.4285173416137695
2016-02-04,6.25,5.949999809265137,5.949999809265137,6.25,700.0,5.750547885894775
2016-02-05,6.25,6.0,6.0,6.25,1100.0,5.750547885894775
2016-02-08,6.25,6.25,6.25,6.25,0.0,5.750547885894775
2016-02-09,6.25,6.25,6.25,6.25,0.0,5.750547885894775
2016-02-10,6.25,6.0,6.0,6.25,3100.0,5.750547885894775
2016-02-11,6.25,6.25,6.25,6.25,0.0,5.750547885894775
2016-02-12,6.25,6.25,6.25,6.25,0.0,5.750547885894775
2016-02-15,6.25,6.199999809265137,6.199999809265137,6.25,1000.0,5.750547885894775
2016-02-16,6.199999809265137,6.199999809265137,6.199999809265137,6.199999809265137,100.0,5.704542636871338
2016-02-17,6.199999809265137,6.199999809265137,6.199999809265137,6.199999809265137,0.0,5.704542636871338
2016-02-18,6.25,6.25,6.25,6.25,100.0,5.750547885894775
2016-02-19,6.25,6.25,6.25,6.25,0.0,5.750547885894775
2016-02-23,6.25,6.25,6.25,6.25,0.0,5.750547885894775
2016-02-24,6.400000095367432,6.400000095367432,6.400000095367432,6.400000095367432,100.0,5.888560771942139
2016-02-25,6.400000095367432,6.400000095367432,6.400000095367432,6.400000095367432,0.0,5.888560771942139
2016-02-26,6.099999904632568,6.099999904632568,6.099999904632568,6.099999904632568,100.0,5.612534523010254
2016-02-29,6.25,6.25,6.25,6.25,100.0,5.750547885894775
2016-03-01,6.099999904632568,6.099999904632568,6.099999904632568,6.099999904632568,5000.0,5.612534523010254
2016-03-02,6.150000095367432,5.849999904632568,6.099999904632568,5.849999904632568,1400.0,5.382513046264648
2016-03-03,6.0,5.949999809265137,6.0,5.949999809265137,600.0,5.474521160125732
2016-03-04,6.099999904632568,5.949999809265137,5.949999809265137,6.099999904632568,800.0,5.612534523010254
2016-03-07,6.25,6.0,6.099999904632568,6.0,700.0,5.520525932312012
2016-03-08,5.849999904632568,5.5,5.650000095367432,5.75,5500.0,5.290503978729248
2016-03-09,6.099999904632568,5.699999809265137,5.849999904632568,6.099999904632568,3300.0,5.612534523010254
2016-03-10,5.949999809265137,5.699999809265137,5.75,5.849999904632568,21000.0,5.382513046264648
2016-03-11,6.0,5.849999904632568,5.949999809265137,6.0,400.0,5.520525932312012
2016-03-14,5.949999809265137,5.849999904632568,5.949999809265137,5.849999904632568,200.0,5.382513046264648
2016-03-15,6.0,6.0,6.0,6.0,100.0,5.520525932312012
2016-03-16,6.0,6.0,6.0,6.0,0.0,5.520525932312012
2016-03-17,6.0,5.75,5.75,6.0,600.0,5.520525932312012
2016-03-18,6.0,6.0,6.0,6.0,0.0,5.520525932312012
2016-03-21,6.0,6.0,6.0,6.0,0.0,5.520525932312012
2016-03-22,6.099999904632568,6.050000190734863,6.050000190734863,6.099999904632568,200.0,5.612534523010254
2016-03-23,6.0,6.0,6.0,6.0,100.0,5.520525932312012
2016-03-24,6.050000190734863,6.050000190734863,6.050000190734863,6.050000190734863,100.0,5.566530704498291
2016-03-25,6.050000190734863,6.050000190734863,6.050000190734863,6.050000190734863,0.0,5.566530704498291
2016-03-28,6.050000190734863,6.050000190734863,6.050000190734863,6.050000190734863,0.0,5.566530704498291
2016-03-29,6.099999904632568,6.050000190734863,6.099999904632568,6.050000190734863,200.0,5.566530704498291
2016-03-30,5.900000095367432,5.5,5.550000190734863,5.900000095367432,25800.0,5.4285173416137695
2016-03-31,5.849999904632568,5.650000095367432,5.650000095367432,5.849999904632568,800.0,5.382513046264648
2016-04-01,5.849999904632568,5.849999904632568,5.849999904632568,5.849999904632568,0.0,5.382513046264648
2016-04-04,5.900000095367432,5.699999809265137,5.699999809265137,5.699999809265137,6100.0,5.244499683380127
2016-04-05,5.949999809265137,5.699999809265137,5.949999809265137,5.849999904632568,3800.0,5.382513046264648
2016-04-07,6.0,5.949999809265137,5.949999809265137,6.0,200.0,5.520525932312012
2016-04-08,6.050000190734863,6.0,6.050000190734863,6.050000190734863,400.0,5.566530704498291
2016-04-11,6.050000190734863,5.699999809265137,5.699999809265137,6.050000190734863,400.0,5.566530704498291
2016-04-12,6.050000190734863,6.050000190734863,6.050000190734863,6.050000190734863,0.0,5.566530704498291
2016-04-18,6.050000190734863,5.800000190734863,5.949999809265137,6.050000190734863,300.0,5.566530704498291
2016-04-19,5.949999809265137,5.800000190734863,5.849999904632568,5.949999809265137,3000.0,5.474521160125732
2016-04-20,5.949999809265137,5.949999809265137,5.949999809265137,5.949999809265137,0.0,5.474521160125732
2016-04-21,5.949999809265137,5.949999809265137,5.949999809265137,5.949999809265137,0.0,5.474521160125732
2016-04-22,5.75,5.75,5.75,5.75,6000.0,5.290503978729248
2016-04-25,5.900000095367432,5.75,5.75,5.900000095367432,4000.0,5.4285173416137695
2016-04-26,5.75,5.699999809265137,5.75,5.699999809265137,1100.0,5.244499683380127
2016-04-27,5.849999904632568,5.800000190734863,5.800000190734863,5.849999904632568,300.0,5.382513046264648
2016-04-28,5.900000095367432,5.699999809265137,5.849999904632568,5.900000095367432,2800.0,5.4285173416137695
2016-04-29,5.849999904632568,5.849999904632568,5.849999904632568,5.849999904632568,100.0,5.382513046264648
2016-05-03,5.849999904632568,5.849999904632568,5.849999904632568,5.849999904632568,0.0,5.382513046264648
2016-05-04,5.849999904632568,5.849999904632568,5.849999904632568,5.849999904632568,0.0,5.382513046264648
2016-05-09,5.900000095367432,5.900000095367432,5.900000095367432,5.900000095367432,300.0,5.4285173416137695
2016-05-10,5.900000095367432,5.900000095367432,5.900000095367432,5.900000095367432,0.0,5.4285173416137695
2016-05-11,5.699999809265137,5.550000190734863,5.650000095367432,5.599999904632568,17800.0,5.152491092681885
2016-05-12,5.75,5.650000095367432,5.650000095367432,5.75,7600.0,5.290503978729248
2016-05-13,5.75,5.550000190734863,5.550000190734863,5.650000095367432,600.0,5.198495388031006
2016-05-16,5.75,5.400000095367432,5.550000190734863,5.5,120000.0,5.060482025146484
2016-05-17,5.5,5.5,5.5,5.5,3000.0,5.060482025146484
2016-05-18,5.5,5.5,5.5,5.5,1500.0,5.060482025146484
2016-05-19,5.449999809265137,5.050000190734863,5.449999809265137,5.199999809265137,33900.0,4.7844557762146
2016-05-23,5.150000095367432,5.0,5.050000190734863,5.0,102100.0,4.600438594818115
2016-05-24,5.050000190734863,5.0,5.0,5.0,15900.0,4.600438594818115
2016-05-25,5.0,5.0,5.0,5.0,100.0,4.600438594818115
2016-05-26,5.349999904632568,5.0,5.0,5.0,4300.0,4.600438594818115
2016-05-27,5.050000190734863,5.0,5.0,5.050000190734863,3300.0,4.646442890167236
2016-05-30,5.050000190734863,4.980000019073486,5.050000190734863,4.980000019073486,5900.0,4.582036972045898
2016-05-31,5.0,5.0,5.0,5.0,300.0,4.600438594818115
2016-06-01,5.0,5.0,5.0,5.0,0.0,4.600438594818115
2016-06-02,5.0,5.0,5.0,5.0,3700.0,4.600438594818115
2016-06-03,5.0,5.0,5.0,5.0,0.0,4.600438594818115
2016-06-06,5.0,5.0,5.0,5.0,0.0,4.600438594818115
2016-06-07,5.25,5.0,5.0,5.050000190734863,6400.0,4.646442890167236
2016-06-08,5.25,5.050000190734863,5.199999809265137,5.050000190734863,6100.0,4.646442890167236
2016-06-09,5.050000190734863,5.050000190734863,5.050000190734863,5.050000190734863,5800.0,4.646442890167236
2016-06-10,5.099999904632568,5.050000190734863,5.050000190734863,5.050000190734863,8300.0,4.646442890167236
2016-06-13,5.050000190734863,5.050000190734863,5.050000190734863,5.050000190734863,0.0,4.646442890167236
2016-06-14,5.050000190734863,5.050000190734863,5.050000190734863,5.050000190734863,5000.0,4.646442890167236
2016-06-15,5.050000190734863,5.050000190734863,5.050000190734863,5.050000190734863,0.0,4.646442890167236
2016-06-16,5.0,4.960000038146973,5.0,5.0,5500.0,4.600438594818115
2016-06-17,5.0,5.0,5.0,5.0,200.0,4.600438594818115
2016-06-20,5.0,5.0,5.0,5.0,0.0,4.600438594818115
2016-06-21,5.199999809265137,5.0,5.0,5.199999809265137,5700.0,4.7844557762146
2016-06-22,5.199999809265137,5.199999809265137,5.199999809265137,5.199999809265137,0.0,4.7844557762146
2016-06-23,5.150000095367432,5.150000095367432,5.150000095367432,5.150000095367432,1000.0,4.7384514808654785
2016-06-24,5.099999904632568,5.0,5.0,5.099999904632568,11600.0,4.692446708679199
2016-06-27,5.099999904632568,5.099999904632568,5.099999904632568,5.099999904632568,5200.0,4.692446708679199
2016-06-28,5.099999904632568,5.0,5.0,5.099999904632568,5500.0,4.692446708679199
2016-06-29,5.099999904632568,5.050000190734863,5.099999904632568,5.099999904632568,4200.0,4.692446708679199
2016-06-30,5.099999904632568,5.0,5.0,5.099999904632568,19700.0,4.692446708679199
2016-07-04,5.099999904632568,5.099999904632568,5.099999904632568,5.099999904632568,0.0,4.692446708679199
2016-07-05,5.099999904632568,5.099999904632568,5.099999904632568,5.099999904632568,0.0,4.692446708679199
2016-07-06,5.099999904632568,5.099999904632568,5.099999904632568,5.099999904632568,200.0,4.692446708679199
2016-07-07,5.0,5.0,5.0,5.0,1000.0,4.600438594818115
2016-07-08,5.0,5.0,5.0,5.0,900.0,4.600438594818115
2016-07-11,4.980000019073486,4.900000095367432,4.900000095367432,4.980000019073486,35600.0,4.582036972045898
2016-07-12,5.0,4.940000057220459,5.0,5.0,1400.0,4.600438594818115
2016-07-13,5.050000190734863,5.0,5.0,5.0,13400.0,4.600438594818115
2016-07-14,5.0,4.980000019073486,4.980000019073486,5.0,400.0,4.600438594818115
2016-07-15,5.150000095367432,4.980000019073486,4.980000019073486,5.150000095367432,10300.0,4.7384514808654785
2016-07-20,5.400000095367432,5.099999904632568,5.150000095367432,5.099999904632568,24000.0,4.692446708679199
2016-07-21,5.199999809265137,5.0,5.099999904632568,5.199999809265137,23300.0,4.7844557762146
2016-07-22,5.300000190734863,5.099999904632568,5.199999809265137,5.199999809265137,46500.0,4.7844557762146
2016-07-25,5.5,5.199999809265137,5.199999809265137,5.449999809265137,38200.0,5.014477252960205
2016-07-26,5.599999904632568,5.349999904632568,5.349999904632568,5.599999904632568,2500.0,5.152491092681885
2016-07-27,5.650000095367432,5.400000095367432,5.400000095367432,5.650000095367432,51300.0,5.198495388031006
2016-07-28,5.75,5.5,5.5,5.599999904632568,16200.0,5.152491092681885
2016-07-29,5.800000190734863,5.599999904632568,5.800000190734863,5.75,500.0,5.290503978729248
2016-08-01,5.599999904632568,5.599999904632568,5.599999904632568,5.599999904632568,12600.0,5.152491092681885
2016-08-02,5.800000190734863,5.5,5.75,5.5,400.0,5.060482025146484
2016-08-03,5.5,5.5,5.5,5.5,100.0,5.060482025146484
2016-08-04,5.5,5.5,5.5,5.5,0.0,5.060482025146484
2016-08-05,5.599999904632568,5.599999904632568,5.599999904632568,5.599999904632568,11200.0,5.152491092681885
2016-08-08,5.300000190734863,5.300000190734863,5.300000190734863,5.300000190734863,6000.0,4.87646484375
2016-08-09,5.800000190734863,5.300000190734863,5.300000190734863,5.349999904632568,13000.0,4.922468185424805
2016-08-10,5.599999904632568,5.599999904632568,5.599999904632568,5.599999904632568,100.0,5.152491092681885
2016-08-11,5.199999809265137,5.199999809265137,5.199999809265137,5.199999809265137,1000.0,4.7844557762146
2016-08-15,5.699999809265137,5.699999809265137,5.699999809265137,5.699999809265137,100.0,5.244499683380127
2016-08-16,5.25,5.050000190734863,5.25,5.050000190734863,5000.0,4.646442890167236
2016-08-17,5.75,5.199999809265137,5.349999904632568,5.199999809265137,7300.0,4.7844557762146
2016-08-18,5.400000095367432,5.400000095367432,5.400000095367432,5.400000095367432,15700.0,4.968473434448242
2016-08-19,5.550000190734863,5.400000095367432,5.400000095367432,5.550000190734863,200.0,5.106486797332764
2016-08-22,5.400000095367432,5.400000095367432,5.400000095367432,5.400000095367432,100.0,4.968473434448242
2016-08-23,5.599999904632568,5.5,5.5,5.5,6000.0,5.060482025146484
2016-08-24,5.550000190734863,5.550000190734863,5.550000190734863,5.550000190734863,100.0,5.106486797332764
2016-08-25,5.5,5.5,5.5,5.5,4900.0,5.060482025146484
2016-08-26,5.699999809265137,5.5,5.699999809265137,5.650000095367432,68700.0,5.198495388031006
2016-08-29,5.849999904632568,5.599999904632568,5.75,5.699999809265137,31600.0,5.244499683380127
2016-08-30,5.699999809265137,5.699999809265137,5.699999809265137,5.699999809265137,100.0,5.244499683380127
2016-08-31,6.0,5.75,6.0,5.75,300.0,5.290503978729248
2016-09-01,5.900000095367432,5.699999809265137,5.75,5.900000095367432,6300.0,5.4285173416137695
2016-09-02,5.699999809265137,5.699999809265137,5.699999809265137,5.699999809265137,2600.0,5.244499683380127
2016-09-05,5.699999809265137,5.699999809265137,5.699999809265137,5.699999809265137,6000.0,5.244499683380127
2016-09-06,5.75,5.75,5.75,5.75,100.0,5.290503978729248
2016-09-07,5.75,5.75,5.75,5.75,0.0,5.290503978729248
2016-09-08,5.599999904632568,5.599999904632568,5.599999904632568,5.599999904632568,10000.0,5.152491092681885
2016-09-09,5.800000190734863,5.5,5.599999904632568,5.75,18200.0,5.290503978729248
2016-09-12,5.75,5.75,5.75,5.75,0.0,5.290503978729248
2016-09-13,5.599999904632568,5.300000190734863,5.300000190734863,5.599999904632568,25300.0,5.152491092681885
2016-09-14,5.599999904632568,5.599999904632568,5.599999904632568,5.599999904632568,0.0,5.152491092681885
2016-09-15,5.599999904632568,5.599999904632568,5.599999904632568,5.599999904632568,0.0,5.152491092681885
2016-09-16,5.5,5.5,5.5,5.5,100.0,5.060482025146484
2016-09-19,5.5,5.5,5.5,5.5,0.0,5.060482025146484
2016-09-20,5.5,5.5,5.5,5.5,0.0,5.060482025146484
2016-09-21,5.5,5.5,5.5,5.5,2500.0,5.060482025146484
2016-09-22,5.599999904632568,5.349999904632568,5.349999904632568,5.599999904632568,17000.0,5.152491092681885
2016-09-23,5.599999904632568,5.599999904632568,5.599999904632568,5.599999904632568,0.0,5.152491092681885
2016-09-26,5.599999904632568,5.599999904632568,5.599999904632568,5.599999904632568,0.0,5.152491092681885
2016-09-27,5.599999904632568,5.25,5.25,5.599999904632568,11300.0,5.152491092681885
2016-09-28,5.599999904632568,5.599999904632568,5.599999904632568,5.599999904632568,5000.0,5.152491092681885
2016-09-29,6.099999904632568,5.349999904632568,5.349999904632568,6.099999904632568,1200.0,5.612534523010254
2016-09-30,6.099999904632568,5.800000190734863,5.849999904632568,5.900000095367432,7200.0,5.4285173416137695
2016-10-03,5.900000095367432,5.900000095367432,5.900000095367432,5.900000095367432,0.0,5.4285173416137695
2016-10-04,5.5,5.5,5.5,5.5,100.0,5.060482025146484
2016-10-05,6.0,5.5,5.900000095367432,5.849999904632568,13700.0,5.382513046264648
2016-10-06,5.599999904632568,5.5,5.5,5.599999904632568,58900.0,5.152491092681885
2016-10-07,5.699999809265137,5.699999809265137,5.699999809265137,5.699999809265137,2000.0,5.244499683380127
2016-10-10,5.650000095367432,5.650000095367432,5.650000095367432,5.650000095367432,100.0,5.198495388031006
2016-10-11,5.650000095367432,5.650000095367432,5.650000095367432,5.650000095367432,0.0,5.198495388031006
2016-10-12,5.650000095367432,5.349999904632568,5.650000095367432,5.349999904632568,1200.0,4.922468185424805
2016-10-13,5.349999904632568,5.349999904632568,5.349999904632568,5.349999904632568,0.0,4.922468185424805
2016-10-14,5.75,5.550000190734863,5.75,5.75,10700.0,5.290503978729248
2016-10-17,5.75,5.75,5.75,5.75,0.0,5.290503978729248
2016-10-18,5.599999904632568,5.449999809265137,5.449999809265137,5.599999904632568,1600.0,5.152491092681885
2016-10-19,6.0,5.400000095367432,5.400000095367432,5.949999809265137,1300.0,5.474521160125732
2016-10-20,5.900000095367432,5.449999809265137,5.449999809265137,5.900000095367432,300.0,5.4285173416137695
2016-10-21,5.800000190734863,5.5,5.5,5.800000190734863,200.0,5.336508274078369
2016-10-25,5.650000095367432,5.650000095367432,5.650000095367432,5.650000095367432,100.0,5.198495388031006
2016-10-26,5.900000095367432,5.900000095367432,5.900000095367432,5.900000095367432,100.0,5.4285173416137695
2016-10-27,5.800000190734863,5.800000190734863,5.800000190734863,5.800000190734863,100.0,5.336508274078369
2016-10-28,5.599999904632568,5.599999904632568,5.599999904632568,5.599999904632568,100.0,5.152491092681885
2016-10-31,6.099999904632568,5.599999904632568,5.800000190734863,5.599999904632568,3300.0,5.152491092681885
2016-11-01,5.800000190734863,5.599999904632568,5.699999809265137,5.599999904632568,17100.0,5.152491092681885
2016-11-02,5.900000095367432,5.599999904632568,5.599999904632568,5.900000095367432,200.0,5.4285173416137695
2016-11-03,5.900000095367432,5.900000095367432,5.900000095367432,5.900000095367432,100.0,5.4285173416137695
2016-11-04,5.900000095367432,5.900000095367432,5.900000095367432,5.900000095367432,0.0,5.4285173416137695
2016-11-07,5.599999904632568,5.25,5.449999809265137,5.400000095367432,7100.0,4.968473434448242
2016-11-08,5.900000095367432,5.400000095367432,5.5,5.900000095367432,5400.0,5.4285173416137695
2016-11-09,5.800000190734863,5.800000190734863,5.800000190734863,5.800000190734863,100.0,5.336508274078369
2016-11-10,5.400000095367432,5.199999809265137,5.199999809265137,5.400000095367432,15600.0,4.968473434448242
2016-11-11,6.0,5.300000190734863,5.349999904632568,6.0,20200.0,5.520525932312012
2016-11-14,5.849999904632568,5.849999904632568,5.849999904632568,5.849999904632568,500.0,5.382513046264648
2016-11-15,5.849999904632568,5.849999904632568,5.849999904632568,5.849999904632568,0.0,5.382513046264648
2016-11-16,5.849999904632568,5.849999904632568,5.849999904632568,5.849999904632568,0.0,5.382513046264648
2016-11-17,5.5,5.400000095367432,5.400000095367432,5.5,700.0,5.060482025146484
2016-11-18,5.5,5.5,5.5,5.5,0.0,5.060482025146484
2016-11-21,5.849999904632568,5.599999904632568,5.599999904632568,5.599999904632568,5400.0,5.152491092681885
2016-11-22,5.599999904632568,5.5,5.599999904632568,5.5,10000.0,5.060482025146484
2016-11-23,5.5,5.5,5.5,5.5,0.0,5.060482025146484
2016-11-24,5.949999809265137,5.599999904632568,5.599999904632568,5.599999904632568,4100.0,5.152491092681885
2016-11-25,5.849999904632568,5.449999809265137,5.449999809265137,5.849999904632568,300.0,5.382513046264648
2016-11-28,5.900000095367432,5.800000190734863,5.800000190734863,5.900000095367432,200.0,5.4285173416137695
2016-11-29,5.949999809265137,5.599999904632568,5.949999809265137,5.900000095367432,5400.0,5.4285173416137695
2016-11-30,5.900000095367432,5.900000095367432,5.900000095367432,5.900000095367432,0.0,5.4285173416137695
2016-12-01,5.949999809265137,5.75,5.949999809265137,5.75,400.0,5.290503978729248
2016-12-02,5.800000190734863,5.800000190734863,5.800000190734863,5.800000190734863,4000.0,5.336508274078369
2016-12-06,6.0,5.900000095367432,6.0,5.900000095367432,20200.0,5.4285173416137695
2016-12-07,5.900000095367432,5.900000095367432,5.900000095367432,5.900000095367432,0.0,5.4285173416137695
2016-12-08,5.900000095367432,5.900000095367432,5.900000095367432,5.900000095367432,0.0,5.4285173416137695
2016-12-09,5.900000095367432,5.900000095367432,5.900000095367432,5.900000095367432,0.0,5.4285173416137695
2016-12-13,5.900000095367432,5.900000095367432,5.900000095367432,5.900000095367432,0.0,5.4285173416137695
2016-12-14,5.900000095367432,5.900000095367432,5.900000095367432,5.900000095367432,0.0,5.4285173416137695
2016-12-15,5.599999904632568,5.599999904632568,5.599999904632568,5.599999904632568,1000.0,5.152491092681885
2016-12-16,5.75,5.75,5.75,5.75,200.0,5.290503978729248
2016-12-19,5.449999809265137,5.449999809265137,5.449999809265137,5.449999809265137,100.0,5.014477252960205
2016-12-20,6.050000190734863,5.699999809265137,5.949999809265137,5.699999809265137,17100.0,5.244499683380127
2016-12-21,5.900000095367432,5.900000095367432,5.900000095367432,5.900000095367432,100.0,5.4285173416137695
2016-12-22,5.650000095367432,5.650000095367432,5.650000095367432,5.650000095367432,100.0,5.198495388031006
2016-12-23,5.650000095367432,5.650000095367432,5.650000095367432,5.650000095367432,100.0,5.198495388031006
2016-12-26,5.5,5.5,5.5,5.5,100.0,5.060482025146484
2016-12-27,5.449999809265137,5.449999809265137,5.449999809265137,5.449999809265137,300.0,5.014477252960205
2016-12-28,5.599999904632568,5.599999904632568,5.599999904632568,5.599999904632568,14900.0,5.152491092681885
2016-12-29,5.650000095367432,5.449999809265137,5.650000095367432,5.449999809265137,200.0,5.014477252960205
2016-12-30,6.099999904632568,5.449999809265137,5.449999809265137,6.099999904632568,200.0,5.612534523010254
2017-01-04,5.800000190734863,5.5,5.5,5.800000190734863,34900.0,5.336508274078369
2017-01-05,6.0,5.5,5.699999809265137,5.5,7000.0,5.060482025146484
2017-01-06,6.0,5.5,5.699999809265137,6.0,14900.0,5.520525932312012
2017-01-09,5.949999809265137,5.650000095367432,5.650000095367432,5.949999809265137,5200.0,5.474521160125732
2017-01-10,6.0,5.949999809265137,5.949999809265137,6.0,15000.0,5.520525932312012
2017-01-11,6.0,5.800000190734863,6.0,5.800000190734863,7200.0,5.336508274078369
2017-01-12,6.199999809265137,5.699999809265137,6.099999904632568,6.199999809265137,42800.0,5.704542636871338
2017-01-16,6.050000190734863,5.699999809265137,5.699999809265137,6.050000190734863,5100.0,5.566530704498291
2017-01-17,5.849999904632568,5.800000190734863,5.800000190734863,5.849999904632568,200.0,5.382513046264648
2017-01-18,6.050000190734863,6.050000190734863,6.050000190734863,6.050000190734863,100.0,5.566530704498291
2017-01-19,5.949999809265137,5.650000095367432,5.699999809265137,5.949999809265137,1100.0,5.474521160125732
2017-01-20,5.949999809265137,5.5,5.949999809265137,5.900000095367432,12100.0,5.4285173416137695
2017-01-23,5.949999809265137,5.900000095367432,5.949999809265137,5.900000095367432,300.0,5.4285173416137695
2017-01-24,5.949999809265137,5.949999809265137,5.949999809265137,5.949999809265137,100.0,5.474521160125732
2017-01-25,5.949999809265137,5.949999809265137,5.949999809265137,5.949999809265137,100.0,5.474521160125732
2017-01-26,5.75,5.75,5.75,5.75,100.0,5.290503978729248
2017-01-27,5.75,5.75,5.75,5.75,700.0,5.290503978729248
2017-01-30,5.75,5.75,5.75,5.75,0.0,5.290503978729248
2017-01-31,6.0,5.650000095367432,5.75,5.650000095367432,40100.0,5.198495388031006
2017-02-01,6.0,5.900000095367432,5.900000095367432,6.0,10300.0,5.520525932312012
2017-02-02,5.800000190734863,5.800000190734863,5.800000190734863,5.800000190734863,20000.0,5.336508274078369
2017-02-03,5.800000190734863,5.800000190734863,5.800000190734863,5.800000190734863,0.0,5.336508274078369
2017-02-06,6.0,5.5,6.0,5.699999809265137,5600.0,5.244499683380127
2017-02-07,6.0,5.550000190734863,5.650000095367432,5.949999809265137,38900.0,5.474521160125732
2017-02-08,5.800000190734863,5.800000190734863,5.800000190734863,5.800000190734863,5000.0,5.336508274078369
2017-02-09,6.0,5.800000190734863,5.800000190734863,6.0,16300.0,5.520525932312012
2017-02-10,6.0,5.849999904632568,6.0,5.849999904632568,700.0,5.382513046264648
2017-02-14,6.0,6.0,6.0,6.0,10000.0,5.520525932312012
2017-02-15,6.0,6.0,6.0,6.0,0.0,5.520525932312012
2017-02-16,6.0,5.800000190734863,5.800000190734863,6.0,200.0,5.520525932312012
2017-02-17,6.050000190734863,5.800000190734863,5.800000190734863,6.050000190734863,300.0,5.566530704498291
2017-02-20,6.199999809265137,6.0,6.099999904632568,6.150000095367432,44500.0,5.658539295196533
2017-02-21,5.949999809265137,5.900000095367432,5.900000095367432,5.949999809265137,200.0,5.474521160125732
2017-02-22,5.900000095367432,5.900000095367432,5.900000095367432,5.900000095367432,100.0,5.4285173416137695
2017-02-23,6.0,5.800000190734863,5.900000095367432,6.0,38700.0,5.520525932312012
2017-02-24,5.949999809265137,5.949999809265137,5.949999809265137,5.949999809265137,100.0,5.474521160125732
2017-02-27,6.199999809265137,6.199999809265137,6.199999809265137,6.199999809265137,39200.0,5.704542636871338
2017-02-28,6.199999809265137,6.199999809265137,6.199999809265137,6.199999809265137,8100.0,5.704542636871338
2017-03-01,6.5,6.400000095367432,6.400000095367432,6.5,22400.0,5.980569362640381
2017-03-02,6.449999809265137,6.199999809265137,6.199999809265137,6.449999809265137,1700.0,5.93456506729126
2017-03-03,6.0,6.0,6.0,6.0,500.0,5.520525932312012
2017-03-06,6.699999809265137,6.199999809265137,6.449999809265137,6.550000190734863,86800.0,6.026574611663818
2017-03-07,6.550000190734863,5.699999809265137,6.5,6.449999809265137,64100.0,5.93456506729126
2017-03-08,6.5,6.400000095367432,6.400000095367432,6.5,69000.0,5.980569362640381
2017-03-09,6.5,6.199999809265137,6.199999809265137,6.5,14400.0,5.980569362640381
2017-03-10,6.25,6.25,6.25,6.25,500.0,5.750547885894775
2017-03-13,6.5,6.199999809265137,6.199999809265137,6.349999904632568,6100.0,5.842555999755859
2017-03-14,6.5,6.5,6.5,6.5,100.0,5.980569362640381
2017-03-15,6.550000190734863,6.300000190734863,6.449999809265137,6.5,15400.0,5.980569362640381
2017-03-16,6.5,6.5,6.5,6.5,100.0,5.980569362640381
2017-03-17,6.699999809265137,6.5,6.5,6.550000190734863,15600.0,6.026574611663818
2017-03-20,6.5,6.5,6.5,6.5,100.0,5.980569362640381
2017-03-21,6.5,6.25,6.25,6.5,200.0,5.980569362640381
2017-03-22,6.800000190734863,6.5,6.5,6.800000190734863,27200.0,6.256596088409424
2017-03-23,6.699999809265137,6.550000190734863,6.599999904632568,6.599999904632568,22500.0,6.0725789070129395
2017-03-24,6.699999809265137,6.599999904632568,6.699999809265137,6.699999809265137,70600.0,6.164587497711182
2017-03-27,6.699999809265137,6.650000095367432,6.650000095367432,6.699999809265137,19700.0,6.164587497711182
2017-03-28,6.849999904632568,6.5,6.5,6.849999904632568,200400.0,6.302600383758545
2017-03-29,7.199999809265137,6.699999809265137,7.199999809265137,6.699999809265137,31500.0,6.164587497711182
2017-03-30,6.699999809265137,6.699999809265137,6.699999809265137,6.699999809265137,0.0,6.164587497711182
2017-03-31,7.050000190734863,6.699999809265137,6.699999809265137,6.800000190734863,10700.0,6.256596088409424
2017-04-03,7.0,6.900000095367432,6.900000095367432,7.0,12900.0,6.440613746643066
2017-04-04,7.050000190734863,7.0,7.0,7.050000190734863,3100.0,6.486617565155029
2017-04-05,6.699999809265137,6.699999809265137,6.699999809265137,6.699999809265137,100.0,6.164587497711182
2017-04-07,7.199999809265137,7.199999809265137,7.199999809265137,7.199999809265137,6300.0,6.624630451202393
2017-04-10,7.0,7.0,7.0,7.0,100000.0,6.440613746643066
2017-04-11,7.099999904632568,6.900000095367432,7.0,6.900000095367432,22900.0,6.348605155944824
2017-04-12,7.150000095367432,6.900000095367432,6.949999809265137,6.900000095367432,25800.0,6.348605155944824
2017-04-17,7.0,7.0,7.0,7.0,8200.0,6.440613746643066
2017-04-18,7.0,7.0,7.0,7.0,100.0,6.440613746643066
2017-04-19,7.0,7.0,7.0,7.0,1400.0,6.440613746643066
2017-04-20,7.0,6.900000095367432,7.0,7.0,47000.0,6.440613746643066
2017-04-21,7.0,7.0,7.0,7.0,200.0,6.440613746643066
2017-04-24,7.0,6.800000190734863,7.0,6.800000190734863,200.0,6.256596088409424
2017-04-25,7.0,6.699999809265137,6.900000095367432,7.0,27600.0,6.440613746643066
2017-04-26,7.0,6.900000095367432,7.0,6.900000095367432,112100.0,6.348605155944824
2017-04-27,7.0,6.75,6.949999809265137,6.75,1872100.0,6.210592269897461
2017-04-28,6.75,6.699999809265137,6.75,6.699999809265137,10600.0,6.164587497711182
2017-05-02,7.349999904632568,6.599999904632568,6.699999809265137,7.099999904632568,1373700.0,6.53262186050415
2017-05-03,7.449999809265137,7.050000190734863,7.349999904632568,7.400000095367432,552100.0,6.808648586273193
2017-05-04,7.599999904632568,7.400000095367432,7.550000190734863,7.400000095367432,33900.0,6.808648586273193
2017-05-08,7.650000095367432,7.300000190734863,7.550000190734863,7.5,48200.0,6.9006571769714355
2017-05-09,7.599999904632568,7.400000095367432,7.599999904632568,7.449999809265137,28000.0,6.8546528816223145
2017-05-11,7.5,7.300000190734863,7.349999904632568,7.349999904632568,74800.0,6.762643814086914
2017-05-12,7.650000095367432,7.199999809265137,7.599999904632568,7.5,226300.0,6.9006571769714355
2017-05-15,7.300000190734863,7.300000190734863,7.300000190734863,7.300000190734863,20000.0,6.716639995574951
2017-05-16,7.5,7.300000190734863,7.5,7.5,162400.0,6.9006571769714355
2017-05-17,7.75,7.5,7.5,7.75,988300.0,7.130679607391357
2017-05-18,7.849999904632568,7.550000190734863,7.75,7.849999904632568,58500.0,7.2226881980896
2017-05-19,8.050000190734863,7.849999904632568,7.949999809265137,8.0,61700.0,7.360701084136963
2017-05-22,8.399999618530273,8.100000381469727,8.399999618530273,8.149999618530273,53700.0,7.498713970184326
2017-05-23,8.350000381469727,8.199999809265137,8.199999809265137,8.199999809265137,19700.0,7.544718265533447
2017-05-24,8.100000381469727,7.900000095367432,8.100000381469727,8.100000381469727,73700.0,7.452710151672363
2017-05-25,8.0,7.900000095367432,8.0,8.0,10100.0,7.360701084136963
2017-05-26,8.199999809265137,8.0,8.0,8.050000190734863,757000.0,7.406705856323242
2017-05-29,8.149999618530273,7.900000095367432,8.149999618530273,8.0,80700.0,7.360701084136963
2017-05-30,8.050000190734863,5.75,8.050000190734863,5.75,232200.0,5.290503978729248
2017-05-31,7.449999809265137,7.449999809265137,7.449999809265137,7.449999809265137,26300.0,6.8546528816223145
2017-06-01,8.449999809265137,7.900000095367432,8.350000381469727,8.100000381469727,467500.0,7.452710151672363
2017-06-02,8.100000381469727,8.0,8.050000190734863,8.100000381469727,65500.0,7.452710151672363
2017-06-05,8.0,8.0,8.0,8.0,95700.0,7.360701084136963
2017-06-06,8.300000190734863,8.0,8.050000190734863,8.199999809265137,67200.0,7.544718265533447
2017-06-07,8.300000190734863,8.100000381469727,8.100000381469727,8.25,604400.0,7.590723037719727
2017-06-08,8.300000190734863,8.100000381469727,8.149999618530273,8.199999809265137,635100.0,7.544718265533447
2017-06-09,8.350000381469727,8.199999809265137,8.199999809265137,8.350000381469727,72100.0,7.682732582092285
2017-06-12,8.399999618530273,8.25,8.25,8.25,369700.0,7.590723037719727
2017-06-13,8.300000190734863,8.199999809265137,8.300000190734863,8.25,88800.0,7.590723037719727
2017-06-14,8.300000190734863,8.100000381469727,8.300000190734863,8.199999809265137,818000.0,7.544718265533447
2017-06-15,8.25,8.199999809265137,8.25,8.199999809265137,300.0,7.544718265533447
2017-06-16,8.25,8.149999618530273,8.25,8.149999618530273,35800.0,7.498713970184326
2017-06-19,8.75,8.300000190734863,8.300000190734863,8.550000190734863,172800.0,7.866749286651611
2017-06-20,8.75,8.550000190734863,8.699999809265137,8.699999809265137,353400.0,8.004761695861816
2017-06-21,8.800000190734863,8.600000381469727,8.600000381469727,8.800000190734863,66300.0,8.096771240234375
2017-06-22,9.0,8.75,8.800000190734863,9.0,112200.0,8.28078842163086
2017-06-23,9.0,9.0,9.0,9.0,2300.0,8.28078842163086
2017-06-26,8.949999809265137,8.800000190734863,8.850000381469727,8.800000190734863,206400.0,8.096771240234375
2017-06-27,9.0,8.800000190734863,8.800000190734863,9.0,8600.0,8.28078842163086
2017-06-28,9.5,8.800000190734863,9.0,9.300000190734863,43800.0,8.556815147399902
2017-06-29,9.449999809265137,9.399999618530273,9.449999809265137,9.399999618530273,1200.0,8.648823738098145
2017-06-30,9.350000381469727,8.899999618530273,9.350000381469727,9.350000381469727,900.0,8.60282039642334
2017-07-03,9.050000190734863,9.050000190734863,9.050000190734863,9.050000190734863,200.0,8.326793670654297
2017-07-04,9.350000381469727,8.899999618530273,9.350000381469727,9.0,18500.0,8.28078842163086
2017-07-05,9.050000190734863,9.0,9.0,9.050000190734863,372800.0,8.326793670654297
2017-07-06,9.0,8.850000381469727,8.850000381469727,9.0,205000.0,8.28078842163086
2017-07-07,8.899999618530273,8.25,8.600000381469727,8.899999618530273,14100.0,8.1887788772583
2017-07-11,8.949999809265137,8.649999618530273,8.699999809265137,8.899999618530273,32200.0,8.1887788772583
2017-07-12,9.300000190734863,8.949999809265137,8.949999809265137,9.300000190734863,80200.0,8.556815147399902
2017-07-13,10.5,9.300000190734863,9.399999618530273,9.600000381469727,1489100.0,8.832841873168945
2017-07-14,10.5,9.600000381469727,10.100000381469727,10.5,540800.0,9.660920143127441
2017-07-17,12.699999809265137,10.5,10.899999618530273,10.5,794800.0,9.660920143127441
2017-07-18,10.5,10.199999809265137,10.300000190734863,10.199999809265137,75900.0,9.384893417358398
2017-07-19,10.600000381469727,10.100000381469727,10.199999809265137,10.300000190734863,58000.0,9.476902961730957
2017-07-20,10.800000190734863,10.300000190734863,10.300000190734863,10.600000381469727,60900.0,9.7529296875
2017-07-21,10.5,10.300000190734863,10.399999618530273,10.300000190734863,34100.0,9.476902961730957
2017-07-24,10.399999618530273,10.199999809265137,10.399999618530273,10.199999809265137,43100.0,9.384893417358398
2017-07-25,10.199999809265137,10.0,10.100000381469727,10.199999809265137,39500.0,9.384893417358398
2017-07-26,10.100000381469727,10.0,10.100000381469727,10.100000381469727,22400.0,9.292885780334473
2017-07-27,10.100000381469727,10.0,10.0,10.100000381469727,31800.0,9.292885780334473
2017-07-31,10.199999809265137,10.0,10.100000381469727,10.0,67200.0,9.20087718963623
2017-08-01,10.0,10.0,10.0,10.0,100.0,9.20087718963623
2017-08-02,10.100000381469727,10.0,10.100000381469727,10.0,152400.0,9.20087718963623
2017-08-03,10.0,9.399999618530273,10.0,9.949999809265137,485100.0,9.154871940612793
2017-08-04,10.0,9.399999618530273,10.0,9.949999809265137,33600.0,9.154871940612793
2017-08-07,9.800000190734863,9.649999618530273,9.699999809265137,9.800000190734863,110900.0,9.01685905456543
2017-08-08,9.600000381469727,9.300000190734863,9.5,9.350000381469727,223500.0,8.60282039642334
2017-08-09,9.699999809265137,9.300000190734863,9.699999809265137,9.449999809265137,6500.0,8.694828033447266
2017-08-10,9.600000381469727,9.399999618530273,9.399999618530273,9.600000381469727,27900.0,8.832841873168945
2017-08-11,9.5,9.300000190734863,9.5,9.5,25600.0,8.740833282470703
2017-08-15,9.350000381469727,8.25,9.350000381469727,8.949999809265137,169000.0,8.234784126281738
2017-08-16,8.699999809265137,8.300000190734863,8.699999809265137,8.300000190734863,53300.0,7.636727809906006
2017-08-17,8.550000190734863,8.050000190734863,8.100000381469727,8.199999809265137,48300.0,7.544718265533447
2017-08-18,8.300000190734863,7.849999904632568,7.900000095367432,8.050000190734863,64500.0,7.406705856323242
2017-08-21,8.199999809265137,7.849999904632568,7.849999904632568,8.0,59000.0,7.360701084136963
2017-08-22,8.100000381469727,7.849999904632568,7.849999904632568,8.100000381469727,4400.0,7.452710151672363
2017-08-23,8.199999809265137,8.0,8.0,8.199999809265137,9700.0,7.544718265533447
2017-08-24,8.300000190734863,8.199999809265137,8.300000190734863,8.300000190734863,10700.0,7.636727809906006
2017-08-25,8.300000190734863,8.199999809265137,8.300000190734863,8.300000190734863,2500.0,7.636727809906006
2017-08-28,8.300000190734863,8.300000190734863,8.300000190734863,8.300000190734863,1000.0,7.636727809906006
2017-08-29,8.300000190734863,8.300000190734863,8.300000190734863,8.300000190734863,10400.0,7.636727809906006
2017-08-30,8.449999809265137,8.199999809265137,8.449999809265137,8.449999809265137,7700.0,7.774740219116211
2017-08-31,8.600000381469727,8.350000381469727,8.350000381469727,8.600000381469727,10400.0,7.912754535675049
2017-09-01,8.550000190734863,8.149999618530273,8.550000190734863,8.300000190734863,500.0,7.636727809906006
2017-09-04,9.0,8.0,8.199999809265137,9.0,800.0,8.28078842163086
2017-09-05,8.850000381469727,8.850000381469727,8.850000381469727,8.850000381469727,900.0,8.142776489257812
2017-09-06,8.850000381469727,8.0,8.100000381469727,8.75,8000.0,8.050765991210938
2017-09-07,8.699999809265137,8.399999618530273,8.699999809265137,8.399999618530273,1200.0,7.72873592376709
2017-09-08,8.649999618530273,8.199999809265137,8.649999618530273,8.550000190734863,81500.0,7.866749286651611
2017-09-11,8.649999618530273,8.300000190734863,8.300000190734863,8.600000381469727,3600.0,7.912754535675049
2017-09-12,8.550000190734863,8.0,8.25,8.25,65400.0,7.590723037719727
2017-09-13,8.300000190734863,8.100000381469727,8.300000190734863,8.100000381469727,19800.0,7.452710151672363
2017-09-14,8.449999809265137,8.100000381469727,8.449999809265137,8.149999618530273,7400.0,7.498713970184326
2017-09-15,8.350000381469727,8.149999618530273,8.199999809265137,8.350000381469727,4700.0,7.682732582092285
2017-09-18,8.399999618530273,8.100000381469727,8.100000381469727,8.399999618530273,300.0,7.72873592376709
2017-09-19,8.350000381469727,8.100000381469727,8.199999809265137,8.350000381469727,6800.0,7.682732582092285
2017-09-20,8.350000381469727,8.350000381469727,8.350000381469727,8.350000381469727,500.0,7.682732582092285
2017-09-21,8.350000381469727,8.350000381469727,8.350000381469727,8.350000381469727,4700.0,7.682732582092285
2017-09-22,8.350000381469727,8.149999618530273,8.350000381469727,8.149999618530273,26200.0,7.498713970184326
2017-09-25,8.149999618530273,8.0,8.0,8.149999618530273,10100.0,7.498713970184326
2017-09-26,8.25,8.050000190734863,8.050000190734863,8.25,400.0,7.590723037719727
2017-09-27,8.25,8.25,8.25,8.25,2600.0,7.590723037719727
2017-09-28,8.449999809265137,8.300000190734863,8.300000190734863,8.449999809265137,2100.0,7.774740219116211
2017-09-29,8.350000381469727,8.100000381469727,8.100000381469727,8.350000381469727,4100.0,7.682732582092285
2017-10-02,9.850000381469727,8.399999618530273,8.399999618530273,9.850000381469727,395400.0,9.06286334991455
2017-10-03,9.850000381469727,9.25,9.850000381469727,9.399999618530273,76000.0,8.648823738098145
2017-10-04,9.399999618530273,9.199999809265137,9.399999618530273,9.300000190734863,28100.0,8.556815147399902
2017-10-05,9.649999618530273,9.300000190734863,9.300000190734863,9.399999618530273,93000.0,8.648823738098145
2017-10-06,9.800000190734863,9.399999618530273,9.399999618530273,9.5,170100.0,8.740833282470703
2017-10-09,9.649999618530273,9.449999809265137,9.5,9.550000190734863,245400.0,8.786836624145508
2017-10-10,9.649999618530273,9.550000190734863,9.550000190734863,9.649999618530273,56200.0,8.878846168518066
2017-10-11,9.649999618530273,9.550000190734863,9.600000381469727,9.550000190734863,39300.0,8.786836624145508
2017-10-12,9.399999618530273,9.350000381469727,9.399999618530273,9.350000381469727,18000.0,8.60282039642334
2017-10-16,9.25,9.25,9.25,9.25,100.0,8.510811805725098
2017-10-17,9.199999809265137,9.0,9.199999809265137,9.199999809265137,21000.0,8.46480655670166
2017-10-18,9.199999809265137,9.0,9.0,9.199999809265137,3100.0,8.46480655670166
2017-10-19,9.25,9.0,9.0,9.25,1300.0,8.510811805725098
2017-10-20,9.350000381469727,8.5,9.25,9.350000381469727,1600.0,8.60282039642334
2017-10-24,9.300000190734863,9.0,9.050000190734863,9.100000381469727,134000.0,8.372798919677734
2017-10-25,9.199999809265137,9.0,9.0,9.199999809265137,20100.0,8.46480655670166
2017-10-27,9.300000190734863,8.899999618530273,9.0,9.300000190734863,29000.0,8.556815147399902
2017-10-30,9.300000190734863,9.300000190734863,9.300000190734863,9.300000190734863,0.0,8.556815147399902
2017-10-31,9.300000190734863,9.300000190734863,9.300000190734863,9.300000190734863,0.0,8.556815147399902
2017-11-01,9.100000381469727,8.949999809265137,8.949999809265137,9.050000190734863,11400.0,8.326793670654297
2017-11-02,9.100000381469727,8.5,8.550000190734863,9.0,23100.0,8.28078842163086
2017-11-03,8.699999809265137,8.600000381469727,8.699999809265137,8.600000381469727,13400.0,7.912754535675049
2017-11-06,8.949999809265137,8.550000190734863,8.899999618530273,8.949999809265137,8500.0,8.234784126281738
2017-11-07,8.949999809265137,8.850000381469727,8.949999809265137,8.850000381469727,3500.0,8.142776489257812
2017-11-08,8.800000190734863,8.199999809265137,8.25,8.300000190734863,67700.0,7.636727809906006
2017-11-09,8.550000190734863,8.300000190734863,8.300000190734863,8.550000190734863,8900.0,7.866749286651611
2017-11-10,9.0,8.0,9.0,8.199999809265137,52200.0,7.544718265533447
2017-11-13,8.25,8.199999809265137,8.25,8.25,40000.0,7.590723037719727
2017-11-14,8.600000381469727,8.0,8.050000190734863,8.550000190734863,113300.0,7.866749286651611
2017-11-15,8.5,8.300000190734863,8.350000381469727,8.5,1800.0,7.82074499130249
2017-11-16,8.5,8.5,8.5,8.5,0.0,7.82074499130249
2017-11-17,8.649999618530273,8.199999809265137,8.300000190734863,8.649999618530273,42100.0,7.958757400512695
2017-11-20,8.649999618530273,8.649999618530273,8.649999618530273,8.649999618530273,0.0,7.958757400512695
2017-11-21,8.600000381469727,8.600000381469727,8.600000381469727,8.600000381469727,2500.0,7.912754535675049
2017-11-22,8.600000381469727,8.600000381469727,8.600000381469727,8.600000381469727,0.0,7.912754535675049
2017-11-23,8.600000381469727,8.600000381469727,8.600000381469727,8.600000381469727,0.0,7.912754535675049
2017-11-24,8.649999618530273,8.600000381469727,8.649999618530273,8.600000381469727,200.0,7.912754535675049
2017-11-27,8.600000381469727,8.100000381469727,8.100000381469727,8.600000381469727,19000.0,7.912754535675049
2017-11-28,8.600000381469727,8.600000381469727,8.600000381469727,8.600000381469727,2000.0,7.912754535675049
2017-11-29,8.75,8.699999809265137,8.699999809265137,8.75,11000.0,8.050765991210938
2017-11-30,8.5,8.350000381469727,8.350000381469727,8.350000381469727,148700.0,7.682732582092285
2017-12-01,8.5,8.350000381469727,8.350000381469727,8.5,23100.0,7.82074499130249
2017-12-04,8.350000381469727,8.25,8.350000381469727,8.25,20600.0,7.590723037719727
2017-12-06,8.25,8.25,8.25,8.25,0.0,7.590723037719727
2017-12-07,8.300000190734863,8.300000190734863,8.300000190734863,8.300000190734863,200.0,7.636727809906006
2017-12-08,8.300000190734863,8.25,8.300000190734863,8.25,4000.0,7.590723037719727
2017-12-12,8.25,8.25,8.25,8.25,0.0,7.590723037719727
2017-12-13,8.25,8.25,8.25,8.25,0.0,7.590723037719727
2017-12-14,8.25,8.25,8.25,8.25,0.0,7.590723037719727
2017-12-15,8.25,8.25,8.25,8.25,0.0,7.590723037719727
2017-12-18,8.350000381469727,8.100000381469727,8.149999618530273,8.350000381469727,10700.0,7.682732582092285
2017-12-19,8.350000381469727,8.350000381469727,8.350000381469727,8.350000381469727,0.0,7.682732582092285
2017-12-20,8.350000381469727,8.199999809265137,8.350000381469727,8.300000190734863,7900.0,7.636727809906006
2017-12-21,8.300000190734863,8.300000190734863,8.300000190734863,8.300000190734863,0.0,7.636727809906006
2017-12-22,8.5,8.199999809265137,8.199999809265137,8.5,9900.0,7.82074499130249
2017-12-25,8.5,8.5,8.5,8.5,0.0,7.82074499130249
2017-12-26,8.5,8.5,8.5,8.5,0.0,7.82074499130249
2017-12-27,8.5,8.5,8.5,8.5,0.0,7.82074499130249
2017-12-28,8.5,8.100000381469727,8.149999618530273,8.5,27100.0,7.82074499130249
2017-12-29,8.399999618530273,8.100000381469727,8.149999618530273,8.399999618530273,6100.0,7.72873592376709
2018-01-03,8.5,8.0,8.149999618530273,8.350000381469727,8500.0,7.682732582092285
2018-01-04,8.350000381469727,8.350000381469727,8.350000381469727,8.350000381469727,100.0,7.682732582092285
2018-01-05,8.300000190734863,8.300000190734863,8.300000190734863,8.300000190734863,2100.0,7.636727809906006
2018-01-08,8.25,8.25,8.25,8.25,10000.0,7.590723037719727
2018-01-09,8.25,8.25,8.25,8.25,0.0,7.590723037719727
2018-01-10,8.300000190734863,8.050000190734863,8.050000190734863,8.300000190734863,200.0,7.636727809906006
2018-01-11,8.300000190734863,8.300000190734863,8.300000190734863,8.300000190734863,0.0,7.636727809906006
2018-01-12,8.300000190734863,8.100000381469727,8.100000381469727,8.300000190734863,5100.0,7.636727809906006
2018-01-15,8.5,8.300000190734863,8.449999809265137,8.300000190734863,51500.0,7.636727809906006
2018-01-16,8.5,8.149999618530273,8.350000381469727,8.25,73300.0,7.590723037719727
2018-01-17,8.399999618530273,8.350000381469727,8.399999618530273,8.350000381469727,12500.0,7.682732582092285
2018-01-18,8.300000190734863,8.300000190734863,8.300000190734863,8.300000190734863,1500.0,7.636727809906006
2018-01-19,8.300000190734863,8.199999809265137,8.300000190734863,8.300000190734863,12100.0,7.636727809906006
2018-01-22,8.300000190734863,8.300000190734863,8.300000190734863,8.300000190734863,0.0,7.636727809906006
2018-01-23,8.300000190734863,8.300000190734863,8.300000190734863,8.300000190734863,25000.0,7.636727809906006
2018-01-24,8.199999809265137,8.100000381469727,8.149999618530273,8.199999809265137,35200.0,7.544718265533447
2018-01-25,8.199999809265137,8.199999809265137,8.199999809265137,8.199999809265137,7100.0,7.544718265533447
2018-01-26,8.199999809265137,8.100000381469727,8.199999809265137,8.100000381469727,4000.0,7.452710151672363
2018-01-29,8.199999809265137,8.199999809265137,8.199999809265137,8.199999809265137,6600.0,7.544718265533447
2018-01-30,8.25,8.149999618530273,8.149999618530273,8.199999809265137,13700.0,7.544718265533447
2018-01-31,8.449999809265137,8.149999618530273,8.399999618530273,8.149999618530273,5100.0,7.498713970184326
2018-02-01,8.149999618530273,8.149999618530273,8.149999618530273,8.149999618530273,1200.0,7.498713970184326
2018-02-02,8.199999809265137,8.149999618530273,8.149999618530273,8.149999618530273,26000.0,7.498713970184326
2018-02-05,8.199999809265137,8.100000381469727,8.199999809265137,8.100000381469727,21800.0,7.452710151672363
2018-02-06,8.399999618530273,8.050000190734863,8.149999618530273,8.399999618530273,42400.0,7.72873592376709
2018-02-07,8.149999618530273,8.100000381469727,8.100000381469727,8.100000381469727,13400.0,7.452710151672363
2018-02-08,8.100000381469727,8.100000381469727,8.100000381469727,8.100000381469727,5100.0,7.452710151672363
2018-02-09,8.100000381469727,8.100000381469727,8.100000381469727,8.100000381469727,5000.0,7.452710151672363
2018-02-12,8.100000381469727,8.100000381469727,8.100000381469727,8.100000381469727,0.0,7.452710151672363
2018-02-13,8.100000381469727,8.050000190734863,8.100000381469727,8.050000190734863,6200.0,7.406705856323242
2018-02-14,8.050000190734863,8.050000190734863,8.050000190734863,8.050000190734863,0.0,7.406705856323242
2018-02-15,8.050000190734863,8.050000190734863,8.050000190734863,8.050000190734863,0.0,7.406705856323242
2018-02-16,8.199999809265137,8.0,8.0,8.199999809265137,9500.0,7.544718265533447
2018-02-19,8.100000381469727,7.849999904632568,8.0,8.100000381469727,23800.0,7.452710151672363
2018-02-20,8.199999809265137,8.199999809265137,8.199999809265137,8.199999809265137,200.0,7.544718265533447
2018-02-21,8.25,8.0,8.0,8.25,4100.0,7.590723037719727
2018-02-22,8.050000190734863,8.0,8.0,8.050000190734863,11100.0,7.406705856323242
2018-02-23,8.100000381469727,8.0,8.100000381469727,8.100000381469727,49200.0,7.452710151672363
2018-02-26,8.050000190734863,8.050000190734863,8.050000190734863,8.050000190734863,6000.0,7.406705856323242
2018-02-27,8.050000190734863,8.050000190734863,8.050000190734863,8.050000190734863,0.0,7.406705856323242
2018-02-28,8.399999618530273,8.0,8.399999618530273,8.0,179000.0,7.360701084136963
2018-03-02,8.0,7.949999809265137,8.0,7.949999809265137,65000.0,7.314696311950684
2018-03-05,7.900000095367432,7.900000095367432,7.900000095367432,7.900000095367432,100.0,7.268692970275879
2018-03-06,7.800000190734863,7.800000190734863,7.800000190734863,7.800000190734863,2000.0,7.1766839027404785
2018-03-07,7.849999904632568,7.800000190734863,7.800000190734863,7.849999904632568,9000.0,7.2226881980896
2018-03-08,8.0,7.849999904632568,7.849999904632568,7.949999809265137,75100.0,7.314696311950684
2018-03-09,8.0,7.900000095367432,7.900000095367432,8.0,149300.0,7.360701084136963
2018-03-12,7.849999904632568,7.800000190734863,7.800000190734863,7.800000190734863,21700.0,7.1766839027404785
2018-03-13,8.0,7.800000190734863,7.800000190734863,8.0,5100.0,7.360701084136963
2018-03-14,8.0,8.0,8.0,8.0,0.0,7.360701084136963
2018-03-15,8.0,8.0,8.0,8.0,0.0,7.360701084136963
2018-03-16,7.949999809265137,7.800000190734863,7.949999809265137,7.949999809265137,4300.0,7.314696311950684
2018-03-19,9.0,7.949999809265137,7.949999809265137,8.5,285200.0,7.82074499130249
2018-03-20,8.5,8.149999618530273,8.5,8.199999809265137,10700.0,7.544718265533447
2018-03-21,8.300000190734863,8.149999618530273,8.300000190734863,8.199999809265137,19900.0,7.544718265533447
2018-03-22,8.199999809265137,8.149999618530273,8.199999809265137,8.149999618530273,12000.0,7.498713970184326
2018-03-23,8.149999618530273,8.100000381469727,8.100000381469727,8.149999618530273,5500.0,7.498713970184326
2018-03-26,8.149999618530273,8.100000381469727,8.100000381469727,8.149999618530273,25100.0,7.498713970184326
2018-03-27,8.149999618530273,8.149999618530273,8.149999618530273,8.149999618530273,5000.0,7.498713970184326
2018-03-28,8.199999809265137,8.149999618530273,8.199999809265137,8.149999618530273,11700.0,7.498713970184326
2018-03-29,8.149999618530273,7.849999904632568,8.149999618530273,7.849999904632568,45600.0,7.2226881980896
2018-03-30,7.849999904632568,7.849999904632568,7.849999904632568,7.849999904632568,0.0,7.2226881980896
2018-04-02,8.399999618530273,8.0,8.399999618530273,8.0,8000.0,7.360701084136963
2018-04-03,8.0,7.900000095367432,8.0,7.900000095367432,8100.0,7.268692970275879
2018-04-04,7.900000095367432,7.900000095367432,7.900000095367432,7.900000095367432,11900.0,7.268692970275879
2018-04-05,7.900000095367432,7.849999904632568,7.900000095367432,7.900000095367432,16000.0,7.268692970275879
2018-04-09,7.900000095367432,7.849999904632568,7.900000095367432,7.849999904632568,8000.0,7.2226881980896
2018-04-10,7.900000095367432,7.900000095367432,7.900000095367432,7.900000095367432,4800.0,7.268692970275879
2018-04-11,7.900000095367432,7.800000190734863,7.800000190734863,7.900000095367432,5300.0,7.268692970275879
2018-04-12,7.900000095367432,7.849999904632568,7.900000095367432,7.849999904632568,9100.0,7.2226881980896
2018-04-17,7.849999904632568,7.849999904632568,7.849999904632568,7.849999904632568,12800.0,7.2226881980896
2018-04-18,7.849999904632568,7.849999904632568,7.849999904632568,7.849999904632568,5000.0,7.2226881980896
2018-04-19,7.900000095367432,7.849999904632568,7.849999904632568,7.849999904632568,31900.0,7.2226881980896
2018-04-20,7.849999904632568,7.650000095367432,7.849999904632568,7.650000095367432,14000.0,7.038670539855957
2018-04-23,7.650000095367432,7.650000095367432,7.650000095367432,7.650000095367432,0.0,7.038670539855957
2018-04-24,7.849999904632568,7.599999904632568,7.849999904632568,7.599999904632568,47600.0,6.992666721343994
2018-04-25,7.599999904632568,7.300000190734863,7.599999904632568,7.300000190734863,74400.0,6.716639995574951
2018-04-26,7.349999904632568,7.300000190734863,7.349999904632568,7.349999904632568,32400.0,6.762643814086914
2018-04-27,7.349999904632568,7.199999809265137,7.199999809265137,7.349999904632568,2100.0,6.762643814086914
2018-04-30,7.699999809265137,7.5,7.5,7.699999809265137,11100.0,7.084674835205078
2018-05-02,7.25,7.050000190734863,7.25,7.099999904632568,32400.0,6.53262186050415
2018-05-03,8.199999809265137,7.25,7.300000190734863,7.349999904632568,39400.0,6.762643814086914
2018-05-04,7.900000095367432,7.349999904632568,7.349999904632568,7.900000095367432,300.0,7.42012357711792
2018-05-07,7.949999809265137,7.699999809265137,7.949999809265137,7.699999809265137,200.0,7.232272148132324
2018-05-08,7.699999809265137,7.699999809265137,7.699999809265137,7.699999809265137,0.0,7.232272148132324
2018-05-09,7.349999904632568,7.25,7.25,7.349999904632568,1700.0,6.9035325050354
2018-05-10,7.849999904632568,7.0,7.349999904632568,7.849999904632568,717100.0,7.373160362243652
2018-05-11,7.300000190734863,7.099999904632568,7.199999809265137,7.099999904632568,12800.0,6.668718338012695
2018-05-14,7.099999904632568,7.099999904632568,7.099999904632568,7.099999904632568,22300.0,6.668718338012695
2018-05-15,7.0,6.900000095367432,7.0,7.0,22400.0,6.574792861938477
2018-05-16,7.099999904632568,6.900000095367432,7.0,7.099999904632568,17300.0,6.668718338012695
2018-05-17,7.099999904632568,7.099999904632568,7.099999904632568,7.099999904632568,0.0,6.668718338012695
2018-05-18,7.099999904632568,7.099999904632568,7.099999904632568,7.099999904632568,0.0,6.668718338012695
2018-05-21,7.199999809265137,7.0,7.0,7.199999809265137,6500.0,6.762643814086914
2018-05-22,7.199999809265137,7.199999809265137,7.199999809265137,7.199999809265137,0.0,6.762643814086914
2018-05-23,7.199999809265137,7.199999809265137,7.199999809265137,7.199999809265137,0.0,6.762643814086914
2018-05-24,7.0,6.900000095367432,7.0,6.900000095367432,16800.0,6.4808669090271
2018-05-25,6.900000095367432,6.75,6.75,6.75,15800.0,6.33997917175293
2018-05-28,6.75,6.75,6.75,6.75,300.0,6.33997917175293
2018-05-30,6.900000095367432,6.5,6.800000190734863,6.5,32700.0,6.105164527893066
2018-05-31,6.849999904632568,6.800000190734863,6.849999904632568,6.800000190734863,1200.0,6.386941909790039
2018-06-01,6.800000190734863,6.800000190734863,6.800000190734863,6.800000190734863,0.0,6.386941909790039
2018-06-04,7.199999809265137,7.150000095367432,7.199999809265137,7.150000095367432,600.0,6.715681552886963
2018-06-05,7.199999809265137,7.199999809265137,7.199999809265137,7.199999809265137,300.0,6.762643814086914
2018-06-06,7.199999809265137,7.199999809265137,7.199999809265137,7.199999809265137,0.0,6.762643814086914
2018-06-07,7.199999809265137,7.199999809265137,7.199999809265137,7.199999809265137,0.0,6.762643814086914
2018-06-08,7.199999809265137,7.199999809265137,7.199999809265137,7.199999809265137,1100.0,6.762643814086914
2018-06-11,7.199999809265137,7.199999809265137,7.199999809265137,7.199999809265137,0.0,6.762643814086914
2018-06-12,7.300000190734863,7.300000190734863,7.300000190734863,7.300000190734863,100.0,6.856569766998291
2018-06-13,7.300000190734863,7.300000190734863,7.300000190734863,7.300000190734863,0.0,6.856569766998291
2018-06-14,7.300000190734863,7.300000190734863,7.300000190734863,7.300000190734863,0.0,6.856569766998291
2018-06-15,6.75,6.599999904632568,6.599999904632568,6.699999809265137,2500.0,6.293015956878662
2018-06-18,6.699999809265137,6.650000095367432,6.699999809265137,6.650000095367432,5900.0,6.246053695678711
2018-06-19,6.599999904632568,6.599999904632568,6.599999904632568,6.599999904632568,1500.0,6.199090003967285
2018-06-20,6.550000190734863,6.5,6.5,6.5,8200.0,6.105164527893066
2018-06-21,6.5,6.5,6.5,6.5,7000.0,6.105164527893066
2018-06-22,6.800000190734863,6.5,6.5,6.800000190734863,7300.0,6.386941909790039
2018-06-25,6.599999904632568,6.0,6.349999904632568,6.599999904632568,81000.0,6.199090003967285
2018-06-26,6.599999904632568,6.599999904632568,6.599999904632568,6.599999904632568,0.0,6.199090003967285
2018-06-27,6.599999904632568,6.599999904632568,6.599999904632568,6.599999904632568,0.0,6.199090003967285
2018-06-28,6.599999904632568,6.599999904632568,6.599999904632568,6.599999904632568,0.0,6.199090003967285
2018-06-29,6.5,6.5,6.5,6.5,900.0,6.105164527893066
2018-07-02,7.0,6.650000095367432,7.0,6.699999809265137,1300.0,6.293015956878662
2018-07-03,6.699999809265137,6.699999809265137,6.699999809265137,6.699999809265137,0.0,6.293015956878662
2018-07-04,6.599999904632568,6.599999904632568,6.599999904632568,6.599999904632568,1000.0,6.199090003967285
2018-07-05,6.599999904632568,6.599999904632568,6.599999904632568,6.599999904632568,0.0,6.199090003967285
2018-07-06,6.599999904632568,6.599999904632568,6.599999904632568,6.599999904632568,0.0,6.199090003967285
2018-07-09,6.599999904632568,6.599999904632568,6.599999904632568,6.599999904632568,0.0,6.199090003967285
2018-07-10,6.599999904632568,6.5,6.599999904632568,6.5,50500.0,6.105164527893066
2018-07-11,6.5,6.5,6.5,6.5,0.0,6.105164527893066
2018-07-12,6.5,6.5,6.5,6.5,0.0,6.105164527893066
2018-07-13,6.900000095367432,6.800000190734863,6.800000190734863,6.900000095367432,2000.0,6.4808669090271
2018-07-16,6.900000095367432,6.900000095367432,6.900000095367432,6.900000095367432,0.0,6.4808669090271
2018-07-17,6.949999809265137,6.949999809265137,6.949999809265137,6.949999809265137,1400.0,6.527830123901367
2018-07-18,7.0,6.5,6.5,7.0,1900.0,6.574792861938477
2018-07-19,7.0,7.0,7.0,7.0,2400.0,6.574792861938477
2018-07-20,7.0,7.0,7.0,7.0,0.0,6.574792861938477
2018-07-23,7.0,6.599999904632568,6.599999904632568,7.0,1100.0,6.574792861938477
2018-07-24,7.300000190734863,7.199999809265137,7.199999809265137,7.199999809265137,1700.0,6.762643814086914
2018-07-25,7.199999809265137,7.199999809265137,7.199999809265137,7.199999809265137,0.0,6.762643814086914
2018-07-26,7.199999809265137,7.199999809265137,7.199999809265137,7.199999809265137,0.0,6.762643814086914
2018-07-31,6.599999904632568,6.5,6.599999904632568,6.5,2700.0,6.105164527893066
2018-08-01,6.949999809265137,6.449999809265137,6.5,6.949999809265137,28000.0,6.527830123901367
2018-08-02,6.949999809265137,6.599999904632568,6.949999809265137,6.599999904632568,2800.0,6.199090003967285
2018-08-03,6.599999904632568,6.599999904632568,6.599999904632568,6.599999904632568,0.0,6.199090003967285
2018-08-06,6.599999904632568,6.5,6.599999904632568,6.5,300.0,6.105164527893066
2018-08-07,6.5,6.5,6.5,6.5,0.0,6.105164527893066
2018-08-08,6.5,6.5,6.5,6.5,0.0,6.105164527893066
2018-08-09,6.5,6.5,6.5,6.5,0.0,6.105164527893066
2018-08-10,6.5,6.5,6.5,6.5,0.0,6.105164527893066
2018-08-14,6.099999904632568,6.0,6.099999904632568,6.050000190734863,50200.0,5.682499885559082
2018-08-15,6.050000190734863,6.0,6.050000190734863,6.0,9000.0,5.6355366706848145
2018-08-16,6.449999809265137,5.900000095367432,5.900000095367432,6.449999809265137,200.0,6.058202266693115
2018-08-17,6.199999809265137,6.199999809265137,6.199999809265137,6.199999809265137,68800.0,5.823387622833252
2018-08-20,6.099999904632568,5.800000190734863,6.099999904632568,5.900000095367432,90100.0,5.541611194610596
2018-08-21,5.900000095367432,5.900000095367432,5.900000095367432,5.900000095367432,0.0,5.541611194610596
2018-08-22,5.900000095367432,5.900000095367432,5.900000095367432,5.900000095367432,0.0,5.541611194610596
2018-08-23,5.900000095367432,5.900000095367432,5.900000095367432,5.900000095367432,0.0,5.541611194610596
2018-08-24,6.050000190734863,5.550000190734863,5.599999904632568,6.0,151500.0,5.6355366706848145
2018-08-27,6.099999904632568,6.050000190734863,6.099999904632568,6.050000190734863,5400.0,5.682499885559082
2018-08-28,6.050000190734863,6.050000190734863,6.050000190734863,6.050000190734863,0.0,5.682499885559082
2018-08-29,6.099999904632568,6.0,6.0,6.099999904632568,200000.0,5.729462623596191
2018-08-30,6.150000095367432,6.099999904632568,6.099999904632568,6.150000095367432,600500.0,5.776425361633301
2018-08-31,6.150000095367432,5.800000190734863,5.849999904632568,6.150000095367432,23100.0,5.776425361633301
2018-09-03,6.0,5.800000190734863,6.0,5.800000190734863,45100.0,5.447686195373535
2018-09-04,5.800000190734863,5.800000190734863,5.800000190734863,5.800000190734863,300.0,5.447686195373535
2018-09-05,5.75,5.75,5.75,5.75,200.0,5.400722980499268
2018-09-06,5.650000095367432,5.550000190734863,5.650000095367432,5.650000095367432,33500.0,5.306797027587891
2018-09-07,5.650000095367432,5.650000095367432,5.650000095367432,5.650000095367432,0.0,5.306797027587891
2018-09-10,5.699999809265137,5.699999809265137,5.699999809265137,5.699999809265137,200.0,5.353759765625
2018-09-11,5.699999809265137,5.699999809265137,5.699999809265137,5.699999809265137,0.0,5.353759765625
2018-09-12,5.550000190734863,5.5,5.550000190734863,5.5,21000.0,5.165909290313721
2018-09-13,5.800000190734863,5.650000095367432,5.650000095367432,5.75,13800.0,5.400722980499268
2018-09-14,6.050000190734863,6.0,6.050000190734863,6.0,2100.0,5.6355366706848145
2018-09-17,6.0,6.0,6.0,6.0,0.0,5.6355366706848145
2018-09-18,5.949999809265137,5.949999809265137,5.949999809265137,5.949999809265137,104600.0,5.588573455810547
2018-09-19,5.650000095367432,5.5,5.650000095367432,5.599999904632568,15000.0,5.259834289550781
2018-09-20,5.599999904632568,5.599999904632568,5.599999904632568,5.599999904632568,0.0,5.259834289550781
2018-09-21,5.900000095367432,5.699999809265137,5.75,5.849999904632568,1900.0,5.494647979736328
2018-09-24,5.849999904632568,5.849999904632568,5.849999904632568,5.849999904632568,2000.0,5.494647979736328
2018-09-25,5.849999904632568,5.849999904632568,5.849999904632568,5.849999904632568,0.0,5.494647979736328
2018-09-26,5.849999904632568,5.849999904632568,5.849999904632568,5.849999904632568,0.0,5.494647979736328
2018-09-27,5.849999904632568,5.849999904632568,5.849999904632568,5.849999904632568,0.0,5.494647979736328
2018-09-28,5.849999904632568,5.849999904632568,5.849999904632568,5.849999904632568,0.0,5.494647979736328
2018-10-01,5.849999904632568,5.849999904632568,5.849999904632568,5.849999904632568,0.0,5.494647979736328
2018-10-02,5.949999809265137,5.699999809265137,5.699999809265137,5.699999809265137,20300.0,5.353759765625
2018-10-03,5.949999809265137,5.800000190734863,5.949999809265137,5.800000190734863,5100.0,5.447686195373535
2018-10-04,5.75,5.75,5.75,5.75,400.0,5.400722980499268
2018-10-05,5.75,5.650000095367432,5.650000095367432,5.75,20700.0,5.400722980499268
2018-10-08,5.650000095367432,5.650000095367432,5.650000095367432,5.650000095367432,100.0,5.306797027587891
2018-10-09,5.650000095367432,5.650000095367432,5.650000095367432,5.650000095367432,100.0,5.306797027587891
2018-10-10,5.949999809265137,5.699999809265137,5.699999809265137,5.949999809265137,500.0,5.588573455810547
2018-10-11,5.949999809265137,5.949999809265137,5.949999809265137,5.949999809265137,0.0,5.588573455810547
2018-10-12,5.949999809265137,5.699999809265137,5.699999809265137,5.949999809265137,5000.0,5.588573455810547
2018-10-16,6.199999809265137,5.699999809265137,6.199999809265137,5.699999809265137,2100.0,5.353759765625
2018-10-17,5.650000095367432,5.650000095367432,5.650000095367432,5.650000095367432,1000.0,5.306797027587891
2018-10-18,5.699999809265137,5.699999809265137,5.699999809265137,5.699999809265137,100.0,5.353759765625
2018-10-19,5.599999904632568,5.199999809265137,5.599999904632568,5.599999904632568,294500.0,5.259834289550781
2018-10-22,5.599999904632568,5.599999904632568,5.599999904632568,5.599999904632568,0.0,5.259834289550781
2018-10-24,5.25,5.050000190734863,5.25,5.25,98600.0,4.931094646453857
2018-10-25,5.150000095367432,4.980000019073486,5.050000190734863,5.150000095367432,58000.0,4.837169647216797
2018-10-26,5.300000190734863,5.300000190734863,5.300000190734863,5.300000190734863,400.0,4.978057861328125
2018-10-29,5.150000095367432,5.099999904632568,5.150000095367432,5.099999904632568,69900.0,4.790205955505371
2018-10-30,5.099999904632568,5.099999904632568,5.099999904632568,5.099999904632568,0.0,4.790205955505371
2018-10-31,5.400000095367432,5.400000095367432,5.400000095367432,5.400000095367432,100.0,5.071983337402344
2018-11-01,5.400000095367432,5.400000095367432,5.400000095367432,5.400000095367432,0.0,5.071983337402344
2018-11-02,5.400000095367432,5.400000095367432,5.400000095367432,5.400000095367432,0.0,5.071983337402344
2018-11-05,5.400000095367432,5.400000095367432,5.400000095367432,5.400000095367432,0.0,5.071983337402344
2018-11-06,5.349999904632568,5.349999904632568,5.349999904632568,5.349999904632568,200.0,5.025020122528076
2018-11-07,5.400000095367432,5.300000190734863,5.300000190734863,5.400000095367432,600.0,5.071983337402344
2018-11-08,5.150000095367432,5.0,5.099999904632568,5.050000190734863,55900.0,4.74324369430542
2018-11-09,5.199999809265137,5.099999904632568,5.099999904632568,5.099999904632568,3000.0,4.790205955505371
2018-11-12,5.25,5.050000190734863,5.099999904632568,5.050000190734863,28600.0,4.74324369430542
2018-11-13,5.199999809265137,5.0,5.0,5.199999809265137,185800.0,4.88413143157959
2018-11-14,5.199999809265137,5.199999809265137,5.199999809265137,5.199999809265137,0.0,4.88413143157959
2018-11-15,5.199999809265137,5.199999809265137,5.199999809265137,5.199999809265137,0.0,4.88413143157959
2018-11-16,5.199999809265137,5.199999809265137,5.199999809265137,5.199999809265137,0.0,4.88413143157959
2018-11-19,5.199999809265137,5.199999809265137,5.199999809265137,5.199999809265137,0.0,4.88413143157959
2018-11-20,5.199999809265137,5.199999809265137,5.199999809265137,5.199999809265137,0.0,4.88413143157959
2018-11-21,5.0,5.0,5.0,5.0,60200.0,4.696280479431152
2018-11-22,5.0,5.0,5.0,5.0,0.0,4.696280479431152
2018-11-23,5.0,5.0,5.0,5.0,0.0,4.696280479431152
2018-11-26,5.0,5.0,5.0,5.0,0.0,4.696280479431152
2018-11-27,5.099999904632568,5.099999904632568,5.099999904632568,5.099999904632568,1000.0,4.790205955505371
2018-11-28,5.099999904632568,5.099999904632568,5.099999904632568,5.099999904632568,0.0,4.790205955505371
2018-11-29,5.099999904632568,5.099999904632568,5.099999904632568,5.099999904632568,0.0,4.790205955505371
2018-11-30,5.099999904632568,5.099999904632568,5.099999904632568,5.099999904632568,0.0,4.790205955505371
2018-12-03,5.099999904632568,5.099999904632568,5.099999904632568,5.099999904632568,0.0,4.790205955505371
2018-12-04,5.050000190734863,4.900000095367432,4.900000095367432,5.0,592800.0,4.696280479431152
2018-12-06,5.0,5.0,5.0,5.0,0.0,4.696280479431152
2018-12-07,5.0,5.0,5.0,5.0,0.0,4.696280479431152
2018-12-11,5.099999904632568,5.0,5.099999904632568,5.0,36000.0,4.696280479431152
2018-12-12,5.099999904632568,5.099999904632568,5.099999904632568,5.099999904632568,100.0,4.790205955505371
2018-12-13,5.099999904632568,5.099999904632568,5.099999904632568,5.099999904632568,0.0,4.790205955505371
2018-12-14,5.099999904632568,5.099999904632568,5.099999904632568,5.099999904632568,0.0,4.790205955505371
2018-12-17,4.960000038146973,4.960000038146973,4.960000038146973,4.960000038146973,200.0,4.658710479736328
2018-12-18,4.960000038146973,4.960000038146973,4.960000038146973,4.960000038146973,300.0,4.658710479736328
2018-12-19,4.960000038146973,4.960000038146973,4.960000038146973,4.960000038146973,0.0,4.658710479736328
2018-12-20,5.0,4.900000095367432,4.920000076293945,5.0,800.0,4.696280479431152
2018-12-21,5.0,5.0,5.0,5.0,0.0,4.696280479431152
2018-12-24,5.0,5.0,5.0,5.0,0.0,4.696280479431152
2018-12-25,5.050000190734863,5.050000190734863,5.050000190734863,5.050000190734863,500.0,4.74324369430542
2018-12-26,5.050000190734863,5.050000190734863,5.050000190734863,5.050000190734863,0.0,4.74324369430542
2018-12-27,5.050000190734863,5.050000190734863,5.050000190734863,5.050000190734863,0.0,4.74324369430542
2018-12-28,4.900000095367432,4.900000095367432,4.900000095367432,4.900000095367432,100.0,4.602355003356934
2019-01-02,4.900000095367432,4.900000095367432,4.900000095367432,4.900000095367432,0.0,4.602355003356934
2019-01-03,5.050000190734863,4.980000019073486,4.980000019073486,5.050000190734863,11700.0,4.74324369430542
2019-01-04,5.050000190734863,5.050000190734863,5.050000190734863,5.050000190734863,0.0,4.74324369430542
2019-01-07,5.050000190734863,5.050000190734863,5.050000190734863,5.050000190734863,0.0,4.74324369430542
2019-01-08,5.099999904632568,5.0,5.0,5.0,27000.0,4.696280479431152
2019-01-09,5.0,5.0,5.0,5.0,34500.0,4.696280479431152
2019-01-10,5.0,5.0,5.0,5.0,0.0,4.696280479431152
2019-01-11,5.0,5.0,5.0,5.0,0.0,4.696280479431152
2019-01-14,5.099999904632568,5.099999904632568,5.099999904632568,5.099999904632568,11500.0,4.790205955505371
2019-01-15,5.099999904632568,5.099999904632568,5.099999904632568,5.099999904632568,0.0,4.790205955505371
2019-01-16,5.099999904632568,4.960000038146973,4.960000038146973,5.099999904632568,6000.0,4.790205955505371
2019-01-17,5.099999904632568,5.099999904632568,5.099999904632568,5.099999904632568,0.0,4.790205955505371
2019-01-18,5.099999904632568,5.099999904632568,5.099999904632568,5.099999904632568,0.0,4.790205955505371
2019-01-21,5.099999904632568,5.099999904632568,5.099999904632568,5.099999904632568,0.0,4.790205955505371
2019-01-22,5.099999904632568,5.099999904632568,5.099999904632568,5.099999904632568,0.0,4.790205955505371
2019-01-23,5.150000095367432,5.099999904632568,5.099999904632568,5.150000095367432,20000.0,4.837169647216797
2019-01-24,5.150000095367432,5.150000095367432,5.150000095367432,5.150000095367432,0.0,4.837169647216797
2019-01-25,5.150000095367432,5.099999904632568,5.150000095367432,5.099999904632568,2100.0,4.790205955505371
2019-01-28,5.099999904632568,5.099999904632568,5.099999904632568,5.099999904632568,0.0,4.790205955505371
2019-01-29,5.099999904632568,5.099999904632568,5.099999904632568,5.099999904632568,0.0,4.790205955505371
2019-01-30,5.099999904632568,5.099999904632568,5.099999904632568,5.099999904632568,0.0,4.790205955505371
2019-01-31,4.920000076293945,4.920000076293945,4.920000076293945,4.920000076293945,3500.0,4.621140003204346
2019-02-01,5.050000190734863,5.0,5.0,5.050000190734863,200.0,4.74324369430542
2019-02-04,5.0,4.900000095367432,5.0,4.900000095367432,103600.0,4.602355003356934
2019-02-05,5.0,5.0,5.0,5.0,100.0,4.696280479431152
2019-02-06,5.0,5.0,5.0,5.0,0.0,4.696280479431152
2019-02-07,5.0,4.800000190734863,4.900000095367432,4.980000019073486,60800.0,4.677495956420898
2019-02-08,4.960000038146973,4.960000038146973,4.960000038146973,4.960000038146973,100.0,4.658710479736328
2019-02-11,4.960000038146973,4.960000038146973,4.960000038146973,4.960000038146973,100.0,4.658710479736328
2019-02-12,5.0,4.900000095367432,5.0,4.900000095367432,200.0,4.602355003356934
2019-02-13,4.900000095367432,4.900000095367432,4.900000095367432,4.900000095367432,200.0,4.602355003356934
2019-02-14,4.900000095367432,4.900000095367432,4.900000095367432,4.900000095367432,0.0,4.602355003356934
2019-02-15,4.960000038146973,4.960000038146973,4.960000038146973,4.960000038146973,800.0,4.658710479736328
2019-02-18,4.960000038146973,4.960000038146973,4.960000038146973,4.960000038146973,0.0,4.658710479736328
2019-02-20,4.960000038146973,4.960000038146973,4.960000038146973,4.960000038146973,0.0,4.658710479736328
2019-02-21,4.900000095367432,4.900000095367432,4.900000095367432,4.900000095367432,300.0,4.602355003356934
2019-02-22,4.900000095367432,4.900000095367432,4.900000095367432,4.900000095367432,0.0,4.602355003356934
2019-02-25,5.0,4.860000133514404,4.900000095367432,4.860000133514404,3200.0,4.564785003662109
2019-02-26,4.860000133514404,4.860000133514404,4.860000133514404,4.860000133514404,0.0,4.564785003662109
2019-02-27,4.860000133514404,4.860000133514404,4.860000133514404,4.860000133514404,0.0,4.564785003662109
2019-02-28,4.900000095367432,4.880000114440918,4.880000114440918,4.900000095367432,500.0,4.602355003356934
2019-03-01,4.920000076293945,4.900000095367432,4.900000095367432,4.920000076293945,1200.0,4.621140003204346
2019-03-04,4.920000076293945,4.920000076293945,4.920000076293945,4.920000076293945,0.0,4.621140003204346
2019-03-05,5.150000095367432,4.900000095367432,4.900000095367432,5.0,75000.0,4.696280479431152
2019-03-06,5.0,5.0,5.0,5.0,0.0,4.696280479431152
2019-03-07,5.0,5.0,5.0,5.0,0.0,4.696280479431152
2019-03-08,5.150000095367432,5.099999904632568,5.150000095367432,5.099999904632568,5300.0,4.790205955505371
2019-03-11,5.099999904632568,5.099999904632568,5.099999904632568,5.099999904632568,0.0,4.790205955505371
2019-03-12,4.960000038146973,4.920000076293945,4.920000076293945,4.960000038146973,700.0,4.658710479736328
2019-03-13,4.980000019073486,4.920000076293945,4.960000038146973,4.980000019073486,18400.0,4.677495956420898
2019-03-14,4.940000057220459,4.940000057220459,4.940000057220459,4.940000057220459,5000.0,4.639925956726074
2019-03-15,4.920000076293945,4.920000076293945,4.920000076293945,4.920000076293945,5000.0,4.621140003204346
2019-03-18,4.920000076293945,4.920000076293945,4.920000076293945,4.920000076293945,0.0,4.621140003204346
2019-03-19,4.940000057220459,4.880000114440918,4.880000114440918,4.940000057220459,31200.0,4.639925956726074
2019-03-20,4.940000057220459,4.940000057220459,4.940000057220459,4.940000057220459,8800.0,4.639925956726074
2019-03-21,4.880000114440918,4.880000114440918,4.880000114440918,4.880000114440918,100.0,4.5835700035095215
2019-03-22,4.900000095367432,4.900000095367432,4.900000095367432,4.900000095367432,15000.0,4.602355003356934
2019-03-25,4.900000095367432,4.900000095367432,4.900000095367432,4.900000095367432,0.0,4.602355003356934
2019-03-26,5.199999809265137,5.099999904632568,5.099999904632568,5.199999809265137,4100.0,4.88413143157959
2019-03-27,5.199999809265137,5.199999809265137,5.199999809265137,5.199999809265137,0.0,4.88413143157959
2019-03-28,5.199999809265137,5.199999809265137,5.199999809265137,5.199999809265137,0.0,4.88413143157959
2019-03-29,5.349999904632568,5.199999809265137,5.199999809265137,5.349999904632568,8200.0,5.025020122528076
2019-04-01,5.349999904632568,5.349999904632568,5.349999904632568,5.349999904632568,100.0,5.025020122528076
2019-04-02,5.349999904632568,5.349999904632568,5.349999904632568,5.349999904632568,400.0,5.025020122528076
2019-04-03,5.349999904632568,5.349999904632568,5.349999904632568,5.349999904632568,0.0,5.025020122528076
2019-04-04,5.349999904632568,5.349999904632568,5.349999904632568,5.349999904632568,0.0,5.025020122528076
2019-04-05,5.349999904632568,5.349999904632568,5.349999904632568,5.349999904632568,0.0,5.025020122528076
2019-04-09,5.0,5.0,5.0,5.0,100.0,4.696280479431152
2019-04-10,5.25,5.25,5.25,5.25,200.0,4.931094646453857
2019-04-11,5.25,5.25,5.25,5.25,2200.0,4.931094646453857
2019-04-12,5.300000190734863,5.0,5.0,5.300000190734863,200.0,4.978057861328125
2019-04-17,5.400000095367432,5.349999904632568,5.349999904632568,5.400000095367432,600.0,5.071983337402344
2019-04-18,5.099999904632568,5.099999904632568,5.099999904632568,5.099999904632568,100.0,4.790205955505371
2019-04-19,5.199999809265137,5.199999809265137,5.199999809265137,5.199999809265137,100.0,4.88413143157959
2019-04-22,5.349999904632568,5.0,5.0,5.349999904632568,2100.0,5.025020122528076
2019-04-23,5.349999904632568,5.349999904632568,5.349999904632568,5.349999904632568,0.0,5.025020122528076
2019-04-24,5.349999904632568,5.349999904632568,5.349999904632568,5.349999904632568,0.0,5.025020122528076
2019-04-25,5.349999904632568,5.349999904632568,5.349999904632568,5.349999904632568,0.0,5.025020122528076
2019-04-26,5.349999904632568,5.349999904632568,5.349999904632568,5.349999904632568,0.0,5.025020122528076
2019-04-29,5.050000190734863,5.050000190734863,5.050000190734863,5.050000190734863,11300.0,4.74324369430542
2019-04-30,5.349999904632568,5.150000095367432,5.349999904632568,5.150000095367432,2100.0,4.837169647216797
2019-05-02,5.150000095367432,5.150000095367432,5.150000095367432,5.150000095367432,0.0,4.837169647216797
2019-05-03,5.0,5.0,5.0,5.0,10900.0,4.696280479431152
2019-05-07,5.0,5.0,5.0,5.0,0.0,4.792122840881348
2019-05-08,5.0,5.0,5.0,5.0,0.0,4.792122840881348
2019-05-09,5.0,5.0,5.0,5.0,0.0,4.792122840881348
2019-05-10,5.0,5.0,5.0,5.0,0.0,4.792122840881348
2019-05-13,5.0,5.0,5.0,5.0,0.0,4.792122840881348
2019-05-14,5.0,5.0,5.0,5.0,0.0,4.792122840881348
2019-05-15,5.0,5.0,5.0,5.0,100.0,4.792122840881348
2019-05-16,5.0,5.0,5.0,5.0,0.0,4.792122840881348
2019-05-17,5.0,5.0,5.0,5.0,0.0,4.792122840881348
2019-05-21,4.900000095367432,4.78000020980835,4.78000020980835,4.78000020980835,200600.0,4.58126974105835
2019-05-22,4.800000190734863,4.800000190734863,4.800000190734863,4.800000190734863,190500.0,4.600438594818115
2019-05-23,4.800000190734863,4.800000190734863,4.800000190734863,4.800000190734863,0.0,4.600438594818115
2019-05-24,4.760000228881836,4.760000228881836,4.760000228881836,4.760000228881836,100.0,4.562101364135742
2019-05-27,4.78000020980835,4.78000020980835,4.78000020980835,4.78000020980835,100.0,4.58126974105835
2019-05-28,4.78000020980835,4.78000020980835,4.78000020980835,4.78000020980835,0.0,4.58126974105835
2019-05-29,4.78000020980835,4.78000020980835,4.78000020980835,4.78000020980835,0.0,4.58126974105835
2019-05-30,5.199999809265137,5.0,5.199999809265137,5.099999904632568,4300.0,4.887965202331543
2019-05-31,5.199999809265137,5.050000190734863,5.050000190734863,5.099999904632568,11200.0,4.887965202331543
2019-06-04,5.099999904632568,5.099999904632568,5.099999904632568,5.099999904632568,0.0,4.887965202331543
2019-06-05,5.099999904632568,5.050000190734863,5.050000190734863,5.099999904632568,18900.0,4.887965202331543
2019-06-06,5.099999904632568,5.099999904632568,5.099999904632568,5.099999904632568,0.0,4.887965202331543
2019-06-07,5.099999904632568,5.099999904632568,5.099999904632568,5.099999904632568,1000.0,4.887965202331543
2019-06-10,5.099999904632568,5.099999904632568,5.099999904632568,5.099999904632568,0.0,4.887965202331543
2019-06-11,5.099999904632568,5.099999904632568,5.099999904632568,5.099999904632568,0.0,4.887965202331543
2019-06-12,4.920000076293945,4.920000076293945,4.920000076293945,4.920000076293945,600.0,4.715449333190918
2019-06-13,4.920000076293945,4.920000076293945,4.920000076293945,4.920000076293945,0.0,4.715449333190918
2019-06-14,4.920000076293945,4.920000076293945,4.920000076293945,4.920000076293945,0.0,4.715449333190918
2019-06-17,4.920000076293945,4.920000076293945,4.920000076293945,4.920000076293945,0.0,4.715449333190918
2019-06-18,4.920000076293945,4.920000076293945,4.920000076293945,4.920000076293945,0.0,4.715449333190918
2019-06-19,5.199999809265137,5.0,5.0,5.150000095367432,17200.0,4.935886859893799
2019-06-20,5.199999809265137,5.199999809265137,5.199999809265137,5.199999809265137,100.0,4.9838080406188965
2019-06-21,5.199999809265137,5.199999809265137,5.199999809265137,5.199999809265137,0.0,4.9838080406188965
2019-06-24,5.199999809265137,5.199999809265137,5.199999809265137,5.199999809265137,0.0,4.9838080406188965
2019-06-25,5.199999809265137,5.150000095367432,5.150000095367432,5.199999809265137,2300.0,4.9838080406188965
2019-06-26,5.199999809265137,5.199999809265137,5.199999809265137,5.199999809265137,10300.0,4.9838080406188965
2019-06-27,5.0,5.0,5.0,5.0,500.0,4.792122840881348
2019-06-28,5.0,5.0,5.0,5.0,0.0,4.792122840881348
2019-07-01,4.920000076293945,4.920000076293945,4.920000076293945,4.920000076293945,100.0,4.715449333190918
2019-07-02,4.920000076293945,4.920000076293945,4.920000076293945,4.920000076293945,0.0,4.715449333190918
2019-07-03,5.0,4.960000038146973,5.0,4.960000038146973,1400.0,4.753786087036133
2019-07-04,4.920000076293945,4.920000076293945,4.920000076293945,4.920000076293945,5000.0,4.715449333190918
2019-07-05,4.920000076293945,4.920000076293945,4.920000076293945,4.920000076293945,0.0,4.715449333190918
2019-07-08,5.150000095367432,5.150000095367432,5.150000095367432,5.150000095367432,200.0,4.935886859893799
2019-07-09,5.150000095367432,5.150000095367432,5.150000095367432,5.150000095367432,0.0,4.935886859893799
2019-07-10,5.150000095367432,5.150000095367432,5.150000095367432,5.150000095367432,100.0,4.935886859893799
2019-07-11,5.150000095367432,5.150000095367432,5.150000095367432,5.150000095367432,0.0,4.935886859893799
2019-07-12,5.150000095367432,5.150000095367432,5.150000095367432,5.150000095367432,0.0,4.935886859893799
2019-07-15,5.150000095367432,5.150000095367432,5.150000095367432,5.150000095367432,0.0,4.935886859893799
2019-07-17,5.150000095367432,5.150000095367432,5.150000095367432,5.150000095367432,0.0,4.935886859893799
2019-07-18,5.150000095367432,5.150000095367432,5.150000095367432,5.150000095367432,100.0,4.935886859893799
2019-07-19,5.150000095367432,5.150000095367432,5.150000095367432,5.150000095367432,0.0,4.935886859893799
2019-07-22,5.150000095367432,5.150000095367432,5.150000095367432,5.150000095367432,400.0,4.935886859893799
2019-07-23,5.150000095367432,5.150000095367432,5.150000095367432,5.150000095367432,0.0,4.935886859893799
2019-07-24,5.150000095367432,5.150000095367432,5.150000095367432,5.150000095367432,0.0,4.935886859893799
2019-07-25,4.800000190734863,4.599999904632568,4.599999904632568,4.800000190734863,500.0,4.600438594818115
2019-07-26,4.800000190734863,4.800000190734863,4.800000190734863,4.800000190734863,0.0,4.600438594818115
2019-07-30,4.800000190734863,4.800000190734863,4.800000190734863,4.800000190734863,0.0,4.600438594818115
2019-07-31,4.800000190734863,4.800000190734863,4.800000190734863,4.800000190734863,0.0,4.600438594818115
2019-08-01,4.78000020980835,4.78000020980835,4.78000020980835,4.78000020980835,400.0,4.58126974105835
2019-08-02,4.78000020980835,4.78000020980835,4.78000020980835,4.78000020980835,0.0,4.58126974105835
2019-08-05,4.78000020980835,4.78000020980835,4.78000020980835,4.78000020980835,0.0,4.58126974105835
2019-08-06,4.78000020980835,4.78000020980835,4.78000020980835,4.78000020980835,0.0,4.58126974105835
2019-08-07,4.760000228881836,4.760000228881836,4.760000228881836,4.760000228881836,100.0,4.562101364135742
2019-08-08,4.800000190734863,4.760000228881836,4.760000228881836,4.800000190734863,1900.0,4.600438594818115
2019-08-09,4.760000228881836,4.739999771118164,4.760000228881836,4.739999771118164,3000.0,4.542932510375977
2019-08-13,4.739999771118164,4.739999771118164,4.739999771118164,4.739999771118164,5000.0,4.542932510375977
2019-08-14,4.739999771118164,4.739999771118164,4.739999771118164,4.739999771118164,0.0,4.542932510375977
2019-08-15,4.739999771118164,4.739999771118164,4.739999771118164,4.739999771118164,0.0,4.542932510375977
2019-08-16,4.739999771118164,4.739999771118164,4.739999771118164,4.739999771118164,0.0,4.542932510375977
2019-08-19,4.639999866485596,4.639999866485596,4.639999866485596,4.639999866485596,1000.0,4.447090148925781
2019-08-20,4.639999866485596,4.639999866485596,4.639999866485596,4.639999866485596,0.0,4.447090148925781
2019-08-21,4.639999866485596,4.639999866485596,4.639999866485596,4.639999866485596,0.0,4.447090148925781
2019-08-22,4.639999866485596,4.639999866485596,4.639999866485596,4.639999866485596,0.0,4.447090148925781
2019-08-23,4.760000228881836,4.5,4.5,4.760000228881836,29300.0,4.562101364135742
2019-08-26,4.800000190734863,4.440000057220459,4.639999866485596,4.679999828338623,22800.0,4.485426902770996
2019-08-27,4.679999828338623,4.5,4.5,4.679999828338623,700.0,4.485426902770996
2019-08-28,4.679999828338623,4.679999828338623,4.679999828338623,4.679999828338623,0.0,4.485426902770996
2019-08-29,4.679999828338623,4.679999828338623,4.679999828338623,4.679999828338623,0.0,4.485426902770996
2019-08-30,4.679999828338623,4.679999828338623,4.679999828338623,4.679999828338623,0.0,4.485426902770996
2019-09-02,4.800000190734863,4.5,4.5,4.760000228881836,12000.0,4.562101364135742
2019-09-03,4.980000019073486,4.980000019073486,4.980000019073486,4.980000019073486,100.0,4.77295446395874
2019-09-04,4.699999809265137,4.699999809265137,4.699999809265137,4.699999809265137,300.0,4.504595756530762
2019-09-05,4.960000038146973,4.960000038146973,4.960000038146973,4.960000038146973,100.0,4.753786087036133
2019-09-06,4.960000038146973,4.960000038146973,4.960000038146973,4.960000038146973,0.0,4.753786087036133
2019-09-09,4.960000038146973,4.960000038146973,4.960000038146973,4.960000038146973,0.0,4.753786087036133
2019-09-10,4.960000038146973,4.960000038146973,4.960000038146973,4.960000038146973,0.0,4.753786087036133
2019-09-11,4.960000038146973,4.960000038146973,4.960000038146973,4.960000038146973,0.0,4.753786087036133
2019-09-12,4.960000038146973,4.960000038146973,4.960000038146973,4.960000038146973,0.0,4.753786087036133
2019-09-13,4.860000133514404,4.679999828338623,4.679999828338623,4.860000133514404,20100.0,4.6579437255859375
2019-09-16,4.960000038146973,4.940000057220459,4.940000057220459,4.960000038146973,17000.0,4.753786087036133
2019-09-17,4.960000038146973,4.960000038146973,4.960000038146973,4.960000038146973,0.0,4.753786087036133
2019-09-18,4.960000038146973,4.960000038146973,4.960000038146973,4.960000038146973,0.0,4.753786087036133
2019-09-19,4.960000038146973,4.960000038146973,4.960000038146973,4.960000038146973,0.0,4.753786087036133
2019-09-20,4.960000038146973,4.960000038146973,4.960000038146973,4.960000038146973,0.0,4.753786087036133
2019-09-23,4.960000038146973,4.960000038146973,4.960000038146973,4.960000038146973,0.0,4.753786087036133
2019-09-24,4.679999828338623,4.539999961853027,4.539999961853027,4.679999828338623,14000.0,4.485426902770996
2019-09-25,4.679999828338623,4.679999828338623,4.679999828338623,4.679999828338623,0.0,4.485426902770996
2019-09-26,4.679999828338623,4.679999828338623,4.679999828338623,4.679999828338623,0.0,4.485426902770996
2019-09-27,4.679999828338623,4.679999828338623,4.679999828338623,4.679999828338623,0.0,4.485426902770996
2019-09-30,4.980000019073486,4.980000019073486,4.980000019073486,4.980000019073486,100.0,4.77295446395874
2019-10-01,4.960000038146973,4.599999904632568,4.599999904632568,4.960000038146973,10000.0,4.753786087036133
2019-10-02,4.699999809265137,4.559999942779541,4.699999809265137,4.559999942779541,1800.0,4.370416164398193
2019-10-03,4.559999942779541,4.559999942779541,4.559999942779541,4.559999942779541,0.0,4.370416164398193
2019-10-04,4.760000228881836,4.760000228881836,4.760000228881836,4.760000228881836,1000.0,4.562101364135742
2019-10-07,4.559999942779541,4.539999961853027,4.539999961853027,4.559999942779541,200.0,4.370416164398193
2019-10-08,4.579999923706055,4.519999980926514,4.519999980926514,4.579999923706055,10100.0,4.389585018157959
2019-10-09,4.579999923706055,4.579999923706055,4.579999923706055,4.579999923706055,0.0,4.389585018157959
2019-10-10,4.579999923706055,4.579999923706055,4.579999923706055,4.579999923706055,0.0,4.389585018157959
2019-10-11,4.579999923706055,4.579999923706055,4.579999923706055,4.579999923706055,0.0,4.389585018157959
2019-10-15,4.579999923706055,4.579999923706055,4.579999923706055,4.579999923706055,0.0,4.389585018157959
2019-10-16,4.78000020980835,4.5,4.78000020980835,4.5,11700.0,4.312910556793213
2019-10-17,4.5,4.5,4.5,4.5,0.0,4.312910556793213
2019-10-18,4.599999904632568,4.599999904632568,4.599999904632568,4.599999904632568,5000.0,4.408752918243408
2019-10-21,4.599999904632568,4.599999904632568,4.599999904632568,4.599999904632568,100.0,4.408752918243408
2019-10-22,4.599999904632568,4.519999980926514,4.599999904632568,4.519999980926514,5500.0,4.3320794105529785
2019-10-24,4.679999828338623,4.679999828338623,4.679999828338623,4.679999828338623,200.0,4.485426902770996
2019-10-25,4.78000020980835,4.679999828338623,4.679999828338623,4.78000020980835,1700.0,4.58126974105835
2019-10-28,4.78000020980835,4.760000228881836,4.760000228881836,4.78000020980835,8400.0,4.58126974105835
2019-10-29,4.78000020980835,4.78000020980835,4.78000020980835,4.78000020980835,0.0,4.58126974105835
2019-10-30,4.78000020980835,4.78000020980835,4.78000020980835,4.78000020980835,0.0,4.58126974105835
2019-10-31,4.78000020980835,4.78000020980835,4.78000020980835,4.78000020980835,0.0,4.58126974105835
2019-11-01,4.71999979019165,4.699999809265137,4.71999979019165,4.699999809265137,4600.0,4.504595756530762
2019-11-04,5.0,5.0,5.0,5.0,100.0,4.792122840881348
2019-11-05,5.050000190734863,4.78000020980835,4.78000020980835,5.050000190734863,1600.0,4.8400444984436035
2019-11-06,5.050000190734863,5.050000190734863,5.050000190734863,5.050000190734863,0.0,4.8400444984436035
2019-11-07,5.050000190734863,5.050000190734863,5.050000190734863,5.050000190734863,0.0,4.8400444984436035
2019-11-08,5.050000190734863,5.050000190734863,5.050000190734863,5.050000190734863,0.0,4.8400444984436035
2019-11-11,5.050000190734863,5.050000190734863,5.050000190734863,5.050000190734863,0.0,4.8400444984436035
2019-11-12,5.050000190734863,5.050000190734863,5.050000190734863,5.050000190734863,0.0,4.8400444984436035
2019-11-13,5.099999904632568,5.0,5.0,5.099999904632568,25000.0,4.887965202331543
2019-11-14,5.099999904632568,5.099999904632568,5.099999904632568,5.099999904632568,0.0,4.887965202331543
2019-11-15,4.559999942779541,4.559999942779541,4.559999942779541,4.559999942779541,3000.0,4.370416164398193
2019-11-18,4.800000190734863,4.800000190734863,4.800000190734863,4.800000190734863,100.0,4.600438594818115
2019-11-19,4.800000190734863,4.800000190734863,4.800000190734863,4.800000190734863,3000.0,4.600438594818115
2019-11-20,4.800000190734863,4.800000190734863,4.800000190734863,4.800000190734863,0.0,4.600438594818115
2019-11-21,4.800000190734863,4.800000190734863,4.800000190734863,4.800000190734863,0.0,4.600438594818115
2019-11-22,4.579999923706055,4.579999923706055,4.579999923706055,4.579999923706055,100.0,4.389585018157959
2019-11-25,4.579999923706055,4.579999923706055,4.579999923706055,4.579999923706055,0.0,4.389585018157959
2019-11-26,4.579999923706055,4.579999923706055,4.579999923706055,4.579999923706055,0.0,4.389585018157959
2019-11-27,4.78000020980835,4.760000228881836,4.760000228881836,4.78000020980835,12000.0,4.58126974105835
2019-11-28,4.78000020980835,4.78000020980835,4.78000020980835,4.78000020980835,10000.0,4.58126974105835
2019-11-29,4.78000020980835,4.78000020980835,4.78000020980835,4.78000020980835,0.0,4.58126974105835
2019-12-02,4.78000020980835,4.78000020980835,4.78000020980835,4.78000020980835,0.0,4.58126974105835
2019-12-03,4.78000020980835,4.78000020980835,4.78000020980835,4.78000020980835,0.0,4.58126974105835
2019-12-04,4.800000190734863,4.78000020980835,4.78000020980835,4.800000190734863,8000.0,4.600438594818115
2019-12-06,4.800000190734863,4.800000190734863,4.800000190734863,4.800000190734863,100.0,4.600438594818115
2019-12-09,4.800000190734863,4.800000190734863,4.800000190734863,4.800000190734863,0.0,4.600438594818115
2019-12-11,4.559999942779541,4.559999942779541,4.559999942779541,4.559999942779541,100.0,4.370416164398193
2019-12-12,4.579999923706055,4.5,4.539999961853027,4.579999923706055,300.0,4.389585018157959
2019-12-13,4.579999923706055,4.579999923706055,4.579999923706055,4.579999923706055,0.0,4.389585018157959
2019-12-16,4.579999923706055,4.579999923706055,4.579999923706055,4.579999923706055,0.0,4.389585018157959
2019-12-17,4.579999923706055,4.579999923706055,4.579999923706055,4.579999923706055,0.0,4.389585018157959
2019-12-18,4.579999923706055,4.579999923706055,4.579999923706055,4.579999923706055,0.0,4.389585018157959
2019-12-19,4.579999923706055,4.579999923706055,4.579999923706055,4.579999923706055,0.0,4.389585018157959
2019-12-20,4.539999961853027,4.539999961853027,4.539999961853027,4.539999961853027,3000.0,4.351247787475586
2019-12-23,4.539999961853027,4.539999961853027,4.539999961853027,4.539999961853027,0.0,4.351247787475586
2019-12-24,4.699999809265137,4.5,4.699999809265137,4.5,8200.0,4.312910556793213
2019-12-25,4.539999961853027,4.5,4.5,4.539999961853027,6400.0,4.351247787475586
2019-12-26,4.539999961853027,4.539999961853027,4.539999961853027,4.539999961853027,0.0,4.351247787475586
2019-12-27,4.639999866485596,4.460000038146973,4.460000038146973,4.639999866485596,200.0,4.447090148925781
2019-12-30,4.639999866485596,4.639999866485596,4.639999866485596,4.639999866485596,0.0,4.447090148925781
2020-01-02,4.639999866485596,4.639999866485596,4.639999866485596,4.639999866485596,1200.0,4.447090148925781
2020-01-03,4.519999980926514,4.5,4.5,4.5,10200.0,4.312910556793213
2020-01-06,4.5,4.5,4.5,4.5,0.0,4.312910556793213
2020-01-07,4.5,4.0,4.400000095367432,4.5,12100.0,4.312910556793213
2020-01-08,4.760000228881836,4.760000228881836,4.760000228881836,4.760000228881836,200.0,4.562101364135742
2020-01-09,4.760000228881836,4.760000228881836,4.760000228881836,4.760000228881836,0.0,4.562101364135742
2020-01-10,4.599999904632568,4.019999980926514,4.079999923706055,4.599999904632568,3100.0,4.408752918243408
2020-01-13,4.599999904632568,4.5,4.5,4.599999904632568,13800.0,4.408752918243408
2020-01-14,4.599999904632568,4.599999904632568,4.599999904632568,4.599999904632568,0.0,4.408752918243408
2020-01-15,4.599999904632568,4.599999904632568,4.599999904632568,4.599999904632568,0.0,4.408752918243408
2020-01-16,4.599999904632568,4.599999904632568,4.599999904632568,4.599999904632568,0.0,4.408752918243408
2020-01-17,4.599999904632568,4.599999904632568,4.599999904632568,4.599999904632568,0.0,4.408752918243408
2020-01-20,4.199999809265137,4.199999809265137,4.199999809265137,4.199999809265137,25000.0,4.025382995605469
2020-01-21,4.599999904632568,4.599999904632568,4.599999904632568,4.599999904632568,5000.0,4.408752918243408
2020-01-22,4.400000095367432,4.380000114440918,4.400000095367432,4.380000114440918,26300.0,4.19789981842041
2020-01-23,4.380000114440918,4.380000114440918,4.380000114440918,4.380000114440918,0.0,4.19789981842041
2020-01-24,4.579999923706055,4.579999923706055,4.579999923706055,4.579999923706055,500.0,4.389585018157959
2020-01-27,4.579999923706055,4.579999923706055,4.579999923706055,4.579999923706055,0.0,4.389585018157959
2020-01-28,4.579999923706055,4.579999923706055,4.579999923706055,4.579999923706055,0.0,4.389585018157959
2020-01-29,4.579999923706055,4.579999923706055,4.579999923706055,4.579999923706055,0.0,4.389585018157959
2020-01-30,4.5,4.21999979019165,4.21999979019165,4.400000095367432,15500.0,4.217068195343018
2020-01-31,4.320000171661377,4.179999828338623,4.260000228881836,4.21999979019165,15900.0,4.044551372528076
2020-02-03,4.179999828338623,4.179999828338623,4.179999828338623,4.179999828338623,10000.0,4.0062150955200195
2020-02-04,4.179999828338623,4.179999828338623,4.179999828338623,4.179999828338623,0.0,4.0062150955200195
2020-02-05,4.179999828338623,4.179999828338623,4.179999828338623,4.179999828338623,0.0,4.0062150955200195
2020-02-06,4.179999828338623,4.179999828338623,4.179999828338623,4.179999828338623,0.0,4.0062150955200195
2020-02-07,4.559999942779541,4.559999942779541,4.559999942779541,4.559999942779541,100.0,4.370416164398193
2020-02-11,4.559999942779541,4.559999942779541,4.559999942779541,4.559999942779541,0.0,4.370416164398193
2020-02-12,4.559999942779541,4.559999942779541,4.559999942779541,4.559999942779541,0.0,4.370416164398193
2020-02-13,4.559999942779541,4.559999942779541,4.559999942779541,4.559999942779541,0.0,4.370416164398193
2020-02-14,4.679999828338623,4.679999828338623,4.679999828338623,4.679999828338623,200.0,4.485426902770996
2020-02-17,4.559999942779541,4.559999942779541,4.559999942779541,4.559999942779541,1000.0,4.370416164398193
2020-02-18,4.559999942779541,4.559999942779541,4.559999942779541,4.559999942779541,0.0,4.370416164398193
2020-02-19,4.559999942779541,4.559999942779541,4.559999942779541,4.559999942779541,0.0,4.370416164398193
2020-02-20,4.559999942779541,4.559999942779541,4.559999942779541,4.559999942779541,0.0,4.370416164398193
2020-02-21,4.559999942779541,4.559999942779541,4.559999942779541,4.559999942779541,0.0,4.370416164398193
2020-02-24,4.199999809265137,4.199999809265137,4.199999809265137,4.199999809265137,20000.0,4.025382995605469
2020-02-25,4.699999809265137,4.199999809265137,4.199999809265137,4.28000020980835,12100.0,4.102057456970215
2020-02-26,4.199999809265137,3.799999952316284,4.199999809265137,3.819999933242798,20200.0,3.661181926727295
2020-02-27,4.0,3.9000000953674316,4.0,3.9000000953674316,21300.0,3.737856149673462
2020-02-28,4.199999809265137,3.9000000953674316,3.9000000953674316,3.9000000953674316,13300.0,3.737856149673462
2020-03-02,4.599999904632568,4.579999923706055,4.579999923706055,4.599999904632568,500.0,4.408752918243408
2020-03-03,4.599999904632568,4.599999904632568,4.599999904632568,4.599999904632568,0.0,4.408752918243408
2020-03-04,4.599999904632568,4.599999904632568,4.599999904632568,4.599999904632568,0.0,4.408752918243408
2020-03-05,4.019999980926514,4.0,4.0,4.019999980926514,200.0,3.8528668880462646
2020-03-06,4.019999980926514,4.019999980926514,4.019999980926514,4.019999980926514,0.0,3.8528668880462646
2020-03-09,4.019999980926514,4.019999980926514,4.019999980926514,4.019999980926514,0.0,3.8528668880462646
2020-03-10,4.019999980926514,4.019999980926514,4.019999980926514,4.019999980926514,0.0,3.8528668880462646
2020-03-11,4.019999980926514,4.019999980926514,4.019999980926514,4.019999980926514,0.0,3.8528668880462646
2020-03-12,4.019999980926514,4.019999980926514,4.019999980926514,4.019999980926514,0.0,3.8528668880462646
2020-03-13,4.019999980926514,4.019999980926514,4.019999980926514,4.019999980926514,0.0,3.8528668880462646
2020-03-16,5.099999904632568,4.5,5.099999904632568,4.5,200.0,4.312910556793213
2020-03-17,3.200000047683716,3.200000047683716,3.200000047683716,3.200000047683716,100.0,3.0669586658477783
2020-03-18,3.200000047683716,3.200000047683716,3.200000047683716,3.200000047683716,0.0,3.0669586658477783
2020-03-19,3.200000047683716,3.200000047683716,3.200000047683716,3.200000047683716,0.0,3.0669586658477783
2020-03-20,3.200000047683716,3.200000047683716,3.200000047683716,3.200000047683716,0.0,3.0669586658477783
2020-03-23,3.200000047683716,3.200000047683716,3.200000047683716,3.200000047683716,0.0,3.0669586658477783
2020-03-24,3.200000047683716,3.200000047683716,3.200000047683716,3.200000047683716,0.0,3.0669586658477783
2020-03-25,3.200000047683716,3.200000047683716,3.200000047683716,3.200000047683716,0.0,3.0669586658477783
2020-03-26,3.680000066757202,2.880000114440918,2.880000114440918,3.680000066757202,1100.0,3.5270025730133057
2020-03-27,4.21999979019165,4.21999979019165,4.21999979019165,4.21999979019165,5600.0,4.044551372528076
2020-03-30,4.21999979019165,4.21999979019165,4.21999979019165,4.21999979019165,0.0,4.044551372528076
2020-03-31,4.71999979019165,4.400000095367432,4.400000095367432,4.71999979019165,6800.0,4.523763656616211
2020-04-01,4.71999979019165,4.71999979019165,4.71999979019165,4.71999979019165,0.0,4.523763656616211
2020-04-02,4.71999979019165,4.71999979019165,4.71999979019165,4.71999979019165,0.0,4.523763656616211
2020-04-03,4.71999979019165,4.71999979019165,4.71999979019165,4.71999979019165,0.0,4.523763656616211
2020-04-07,4.980000019073486,4.980000019073486,4.980000019073486,4.980000019073486,400.0,4.77295446395874
2020-04-08,4.980000019073486,4.980000019073486,4.980000019073486,4.980000019073486,400.0,4.77295446395874
2020-04-09,4.980000019073486,4.980000019073486,4.980000019073486,4.980000019073486,0.0,4.77295446395874
2020-04-10,4.980000019073486,4.980000019073486,4.980000019073486,4.980000019073486,0.0,4.77295446395874
2020-04-13,4.980000019073486,4.980000019073486,4.980000019073486,4.980000019073486,0.0,4.77295446395874
2020-04-14,4.980000019073486,4.980000019073486,4.980000019073486,4.980000019073486,0.0,4.77295446395874
2020-04-15,4.980000019073486,4.980000019073486,4.980000019073486,4.980000019073486,0.0,4.77295446395874
2020-04-16,4.71999979019165,4.71999979019165,4.71999979019165,4.71999979019165,100.0,4.523763656616211
2020-04-17,4.71999979019165,4.71999979019165,4.71999979019165,4.71999979019165,0.0,4.523763656616211
2020-04-20,4.71999979019165,4.71999979019165,4.71999979019165,4.71999979019165,0.0,4.523763656616211
2020-04-21,4.71999979019165,4.71999979019165,4.71999979019165,4.71999979019165,0.0,4.523763656616211
2020-04-22,4.739999771118164,4.739999771118164,4.739999771118164,4.739999771118164,500.0,4.542932510375977
2020-04-23,4.800000190734863,4.739999771118164,4.739999771118164,4.800000190734863,21200.0,4.600438594818115
2020-04-24,4.760000228881836,4.320000171661377,4.320000171661377,4.760000228881836,900.0,4.562101364135742
2020-04-27,4.760000228881836,4.760000228881836,4.760000228881836,4.760000228881836,0.0,4.562101364135742
2020-04-28,4.760000228881836,4.760000228881836,4.760000228881836,4.760000228881836,0.0,4.562101364135742
2020-04-29,4.760000228881836,4.760000228881836,4.760000228881836,4.760000228881836,0.0,4.660000324249268
2020-04-30,4.760000228881836,4.760000228881836,4.760000228881836,4.760000228881836,0.0,4.660000324249268
2020-05-05,4.760000228881836,4.760000228881836,4.760000228881836,4.760000228881836,0.0,4.760000228881836
2020-05-07,4.760000228881836,4.760000228881836,4.760000228881836,4.760000228881836,0.0,4.760000228881836
2020-05-08,4.760000228881836,4.760000228881836,4.760000228881836,4.760000228881836,0.0,4.760000228881836
2020-05-11,4.659999847412109,4.440000057220459,4.659999847412109,4.659999847412109,3800.0,4.659999847412109
2020-05-12,4.659999847412109,4.659999847412109,4.659999847412109,4.659999847412109,10000.0,4.659999847412109
2020-05-13,4.659999847412109,4.659999847412109,4.659999847412109,4.659999847412109,0.0,4.659999847412109
2020-05-14,4.980000019073486,4.980000019073486,4.980000019073486,4.980000019073486,200.0,4.980000019073486
2020-05-15,4.980000019073486,4.980000019073486,4.980000019073486,4.980000019073486,0.0,4.980000019073486
2020-05-18,4.980000019073486,4.980000019073486,4.980000019073486,4.980000019073486,0.0,4.980000019073486
2020-05-19,4.980000019073486,4.980000019073486,4.980000019073486,4.980000019073486,0.0,4.980000019073486
2020-05-20,4.980000019073486,4.980000019073486,4.980000019073486,4.980000019073486,0.0,4.980000019073486
2020-05-21,4.980000019073486,4.980000019073486,4.980000019073486,4.980000019073486,0.0,4.980000019073486
2020-05-22,4.980000019073486,4.980000019073486,4.980000019073486,4.980000019073486,0.0,4.980000019073486
2020-05-25,4.5,4.239999771118164,4.300000190734863,4.28000020980835,37800.0,4.28000020980835
2020-05-26,4.28000020980835,4.179999828338623,4.179999828338623,4.199999809265137,10900.0,4.199999809265137
2020-05-27,4.599999904632568,4.28000020980835,4.28000020980835,4.599999904632568,10100.0,4.599999904632568
2020-05-28,4.980000019073486,4.599999904632568,4.599999904632568,4.599999904632568,7200.0,4.599999904632568
2020-05-29,4.860000133514404,4.400000095367432,4.400000095367432,4.400000095367432,16200.0,4.400000095367432
2020-06-01,4.860000133514404,4.199999809265137,4.199999809265137,4.860000133514404,1700.0,4.860000133514404
2020-06-02,4.860000133514404,4.860000133514404,4.860000133514404,4.860000133514404,0.0,4.860000133514404
2020-06-04,4.559999942779541,4.559999942779541,4.559999942779541,4.559999942779541,1500.0,4.559999942779541
2020-06-05,4.800000190734863,4.559999942779541,4.559999942779541,4.800000190734863,2200.0,4.800000190734863
2020-06-08,4.800000190734863,4.800000190734863,4.800000190734863,4.800000190734863,1000.0,4.800000190734863
2020-06-09,4.800000190734863,4.800000190734863,4.800000190734863,4.800000190734863,0.0,4.800000190734863
